[[-1.63906554]
 [-1.35913646]
 [-0.2564468 ]
 [-1.79299562]
 [-0.378898  ]
 [-1.05389362]
 [-0.98764388]
 [ 0.192141  ]
 [-0.03142791]
 [-0.93718893]
 [-1.00686639]
 [-0.41060323]
 [-1.90329965]
 [ 0.89888502]
 [-0.11828121]
 [-0.91535142]
 [-1.73802762]
 [-0.53815437]
 [-1.7164267 ]
 [-1.83055085]
 [-0.37210818]
 [-0.04310091]
 [-2.38645868]
 [-0.02691895]
 [-0.83340469]
 [-1.09289317]
 [-1.95534327]
 [-0.98441315]
 [ 0.81805253]
 [-0.26623047]
 [ 0.93787005]
 [-0.11255811]
 [-1.87320778]
 [-0.74032414]
 [ 0.07991174]
 [ 0.12556282]
 [ 1.02923295]
 [-1.98984872]
 [ 0.30283356]
 [-0.58635915]
 [ 0.01703889]
 [-0.8551926 ]
 [-0.40563054]
 [-1.01041707]
 [-1.69272044]
 [ 0.4632898 ]
 [-0.82920328]
 [-1.27816053]
 [-0.82041575]
 [-0.41971894]
 [-2.68387342]
 [-0.01293901]
 [-0.37695576]
 [-1.20796521]
 [-1.76002286]
 [-1.12514998]
 [-0.07462033]
 [-0.23757963]
 [ 0.0804835 ]
 [-1.37425344]
 [-0.59606881]
 [ 1.04940271]
 [ 0.51678029]
 [-1.13374275]
 [ 0.89555407]
 [-1.64836794]
 [-0.1928118 ]
 [-1.34908762]
 [-1.25786263]
 [-1.54242377]
 [-0.74702984]
 [-0.04509888]
 [-1.65094941]
 [-1.13240401]
 [ 0.3676064 ]
 [-0.12030497]
 [-1.12649302]
 [ 1.03237497]
 [-2.71132241]
 [ 0.4543346 ]
 [-1.48261029]
 [ 0.74056303]
 [ 1.0577643 ]
 [ 0.23778712]
 [-1.14541116]
 [-0.60993135]
 [-0.61018019]
 [ 0.65463342]
 [-1.09605564]
 [-0.3937826 ]
 [-1.62839385]
 [-2.34268871]
 [-0.52452665]
 [-2.36308544]
 [-1.43266508]
 [-0.73750351]
 [ 0.04011697]
 [-0.73070028]
 [-0.73506727]
 [-0.30144866]]