[[-0.96122883]
 [-0.68129976]
 [ 0.42138991]
 [-1.11515892]
 [ 0.29893871]
 [-0.37605691]
 [-0.30980717]
 [ 0.8699777 ]
 [ 0.6464088 ]
 [-0.25935222]
 [-0.32902969]
 [ 0.26723347]
 [-1.22546294]
 [ 1.57672173]
 [ 0.5595555 ]
 [-0.23751471]
 [-1.06019091]
 [ 0.13968234]
 [-1.03859   ]
 [-1.15271414]
 [ 0.30572852]
 [ 0.63473579]
 [-1.70862197]
 [ 0.65091776]
 [-0.15556798]
 [-0.41505647]
 [-1.27750656]
 [-0.30657644]
 [ 1.49588924]
 [ 0.41160623]
 [ 1.61570676]
 [ 0.5652786 ]
 [-1.19537107]
 [-0.06248743]
 [ 0.75774845]
 [ 0.80339953]
 [ 1.70706966]
 [-1.31201201]
 [ 0.98067027]
 [ 0.09147756]
 [ 0.6948756 ]
 [-0.17735589]
 [ 0.27220616]
 [-0.33258036]
 [-1.01488373]
 [ 1.14112651]
 [-0.15136657]
 [-0.60032382]
 [-0.14257904]
 [ 0.25811777]
 [-2.00603671]
 [ 0.6648977 ]
 [ 0.30088094]
 [-0.5301285 ]
 [-1.08218615]
 [-0.44731328]
 [ 0.60321638]
 [ 0.44025708]
 [ 0.75832021]
 [-0.69641673]
 [ 0.0817679 ]
 [ 1.72723942]
 [ 1.194617  ]
 [-0.45590604]
 [ 1.57339078]
 [-0.97053124]
 [ 0.48502491]
 [-0.67125091]
 [-0.58002593]
 [-0.86458706]
 [-0.06919313]
 [ 0.63273782]
 [-0.9731127 ]
 [-0.45456731]
 [ 1.04544311]
 [ 0.55753174]
 [-0.44865631]
 [ 1.71021168]
 [-2.0334857 ]
 [ 1.13217131]
 [-0.80477358]
 [ 1.41839974]
 [ 1.73560101]
 [ 0.91562383]
 [-0.46757445]
 [ 0.06790536]
 [ 0.06765652]
 [ 1.33247012]
 [-0.41821893]
 [ 0.28405411]
 [-0.95055714]
 [-1.664852  ]
 [ 0.15331006]
 [-1.68524874]
 [-0.75482837]
 [-0.0596668 ]
 [ 0.71795368]
 [-0.05286358]
 [-0.05723056]
 [ 0.37638805]]