[[ 6.05914613e-01 -1.28484386e+00 -4.71155334e-01  6.71025229e-01
  -1.17479993e-01  4.59576067e-01  3.92867372e-01  1.41746116e+00
   6.87820955e-01  1.68919342e-01  2.08584316e-01 -8.75835270e-02
   4.09858597e-01  6.74567380e-01  1.32390785e+00  3.38367506e-02
  -1.08711136e+00  1.36018607e+00  1.97287680e-01  7.15494133e-01
   1.40146033e+00  4.08445666e-02 -6.61262933e-01  1.65287040e+00
   1.44533051e+00  1.15868642e+00  2.31674419e+00  2.67170871e-01
   6.60670897e-01  1.55051203e-01 -2.87079361e-01 -7.00539854e-01
  -1.16453400e+00  1.87253710e+00  1.52614251e+00 -7.40911392e-01
  -3.19470418e-01  1.73734426e+00 -2.35310953e-01  7.10576772e-01
  -1.67919575e-01  9.18066717e-01  8.76999020e-01 -5.31648669e-01
   7.94981646e-02 -3.57774323e-01 -2.45639980e-01  2.47910013e-01
  -7.64903557e-01 -4.69976365e-01 -2.32649571e-01  6.21644476e-01
   1.20043107e+00 -2.29938696e+00 -6.55850942e-02 -1.07397373e+00
  -3.91168858e-01  7.97853632e-01  8.03944866e-01 -3.49192736e-01
   1.01312992e-01  4.17187715e-01  2.05854279e-01 -1.07028452e+00
  -3.25964296e-05 -1.88029259e+00  6.29679985e-01 -7.62630633e-01
   8.88916228e-02 -8.18016547e-01 -1.10212198e+00  2.59427196e-01
  -8.58025604e-02 -5.76352116e-01 -3.64516594e-01 -9.18551418e-02
  -1.44694718e+00 -2.01761257e-01  4.60632628e-01 -6.68817490e-01
   1.08025595e+00  3.98474851e-01  1.15974195e+00 -1.03978574e-01
  -1.81296016e+00 -1.31102220e+00 -2.72011497e+00  1.12077137e+00
  -1.01999631e+00 -1.66647056e-01  3.40295567e-01  1.52878046e+00
  -1.04693299e+00 -9.50763637e-01  3.56105989e-01 -1.38073037e-02
  -6.13212067e-01 -2.90774092e-01 -1.61628200e+00  9.08994683e-01]
 [-4.03883482e-01 -1.35291366e+00  6.54212287e-01 -1.18410000e+00
  -2.35325890e-01 -9.21760150e-01 -1.11219940e+00 -8.97722049e-01
   1.52234653e-02  5.52916963e-01  1.01302864e-01  1.09778435e+00
  -2.07013355e-01 -9.04443537e-01  4.95890337e-01  4.78691852e-01
   1.05640181e+00 -9.38079895e-01  9.72524736e-01  2.79460428e-01
   9.94498831e-01  1.72823458e-01 -6.87281443e-01 -1.32853067e+00
  -1.59121794e+00  8.63109719e-01 -3.81880250e-01 -1.47328003e+00
  -4.74894826e-01 -2.21992971e-01  1.59557286e+00  6.10274563e-01
   1.07188130e+00  2.78344517e+00  1.48558897e-01  3.89294168e-01
   1.46097833e-01  1.93500253e+00  7.27459642e-01  1.82718670e+00
   1.46893819e+00  1.94485682e+00 -4.68462065e-01 -1.34950601e-01
  -2.08244315e+00  7.66094976e-01 -1.29626408e+00 -2.55317098e-02
  -2.83493006e-01 -1.10276406e+00 -3.18758146e-01 -1.28332945e+00
   8.90039255e-01 -4.83769173e-01 -1.01799682e+00  2.68390822e-01
   7.95158112e-01 -2.66817039e-01 -3.36002408e-01 -3.20922867e-01
  -7.78712451e-01 -2.07688325e-01  2.12028264e-01 -1.37784674e+00
  -1.33459364e-01  8.89283569e-01  1.81560481e+00 -6.76697044e-01
  -2.79596563e+00  8.39969458e-01  4.56389741e-02 -2.82875485e-01
  -3.49398120e-01  4.64354428e-02  1.45182781e+00  3.06105001e-01
  -1.16682113e+00 -3.23533881e-02  8.21250352e-02  4.86966478e-01
   6.32110347e-02 -5.05553898e-01  4.44248078e-01 -8.81380239e-01
  -3.70297163e-01  7.79148290e-01  4.11333107e-01  6.91656251e-01
  -1.35869454e-01 -6.20215384e-01 -1.13748303e-01 -1.46072328e+00
   7.83458338e-01  3.06028865e-01  2.26259946e-02  7.61579155e-01
  -1.09613351e-01  9.07981148e-01  1.10554096e+00  1.34391774e+00]
 [ 4.41009314e-01 -1.15356860e+00  5.87373699e-01  3.67981238e-01
   1.85861614e+00  1.20856817e+00  3.56127920e-01  5.05261117e-01
   3.29505908e-01  1.15982476e+00  6.78011078e-01 -1.36724530e+00
  -9.40478920e-01  2.13607855e-01 -1.00964070e+00 -1.06341545e+00
  -7.38540313e-03  2.72272028e-02 -8.50945353e-01 -7.99721923e-01
   1.14832436e+00 -1.37127690e-01 -1.05201725e+00 -4.11651267e-01
   5.42965677e-01  4.33972962e-01  9.33407680e-01  5.37384042e-01
  -9.66223752e-01  6.27450875e-01  1.86479366e-01  3.81155556e-01
  -5.31579196e-01  4.35828872e-01 -2.39232267e-01  1.11232562e+00
  -1.50320834e+00  8.56532231e-01  8.57506659e-01 -1.23078802e+00
  -8.04835667e-01 -1.83571411e-01  8.28730042e-01  6.78750163e-01
  -4.51254341e-01 -1.05614054e-01 -8.03634077e-01  3.51462925e-01
   7.42763544e-01  3.71829632e-01 -1.76864939e-01 -1.50868123e+00
  -6.21077002e-01  5.45874162e-01  5.59473073e-01 -1.83437000e+00
  -1.56048122e-01  9.52313531e-01  2.03151527e-01 -9.99430531e-01
   7.12651634e-01  1.34605447e-01 -4.21556432e-01 -1.53948659e-02
   1.50368492e-02  1.16273270e+00 -6.81340060e-01  7.49181363e-01
  -1.53759248e+00 -1.30777225e-01  4.81740751e-01  1.10532855e+00
  -2.56924072e-02 -2.73137140e-03 -9.86447215e-01 -1.43828449e+00
  -8.70489518e-01  4.05867358e-01 -4.47681773e-01  1.07491188e+00
  -4.48235737e-01  1.18178366e-01  1.29169008e+00  9.90960099e-01
  -9.41520958e-01  4.74791837e-01  8.65520179e-01  1.55437269e-01
   2.21483207e+00 -7.19403188e-01 -7.08792525e-01 -2.55288182e-01
   8.70114787e-01  1.68286390e-02 -6.97157746e-02  6.06806585e-01
  -5.95139615e-01  2.23780559e-01 -1.12738221e+00  9.03227442e-01]
 [ 2.60404395e-02 -8.76374385e-01 -3.05368501e-01  1.08030642e+00
   9.16608713e-01  1.90051021e+00  4.02545992e-01 -1.50346951e+00
   9.53008518e-01  3.69682964e-01  3.58537691e-01  2.32168104e-01
   1.45703709e+00  1.76422226e-01  2.00937292e+00 -6.41090747e-01
   1.99053469e+00 -2.64543608e-01  3.52278762e-01 -5.96327766e-01
   1.98031690e+00 -1.22548718e+00 -1.42644449e+00 -4.52311763e-01
  -6.88578351e-01  4.56135212e-01  4.18329409e-01 -2.44122221e-01
  -1.58803715e+00  7.34577757e-01  2.19868559e-01 -6.23215861e-01
   2.97306154e-01 -2.58886244e+00  1.83557525e+00  1.86125514e-01
  -4.19776920e-01 -1.39385048e-01 -4.46044939e-02 -2.11850958e-01
  -8.61729113e-01 -4.21580457e-01  8.08128330e-01  8.32852870e-01
  -5.46055825e-01 -3.13061074e-01  8.17614882e-02  1.42260380e+00
  -4.92140039e-01  3.52611722e-02  6.01129957e-01 -6.68678254e-01
  -4.00552737e-02  4.34632334e-01 -6.75281359e-01 -2.88545957e-01
   4.74620926e-01  3.85066310e-01 -2.26774270e-01 -6.32771943e-01
  -7.56956892e-01 -1.42307809e+00 -6.63755782e-01  8.69447698e-02
   1.79939175e+00 -7.79316902e-01  6.17257994e-01  3.79951172e-02
  -8.69049309e-01 -2.04448741e+00 -1.40777518e-01  6.55999393e-01
   5.92197159e-01  5.08915757e-01 -1.16173424e+00  5.55116756e-01
  -9.77315245e-01  1.31867901e-01 -8.75825191e-01  3.37175628e-01
   8.47250227e-01  5.28268994e-01 -1.15440155e-02  5.47604493e-01
  -2.71648599e-01  3.92853718e-01 -1.09074363e+00  7.71719223e-01
   8.36669503e-02  2.82927631e-01 -7.42963487e-01 -2.35412155e-01
   7.08055285e-01  2.18116105e-01 -1.50259482e-02 -1.58021205e+00
   4.66964761e-01  2.66751822e-01  1.58183244e+00  1.99822126e+00]
 [ 6.51103612e-01  2.70783138e-01  9.13990163e-01  9.86981143e-01
  -2.25764844e-01 -6.57255237e-01  2.12279517e+00  6.63710481e-01
   1.11754428e+00  1.17220733e+00  3.20558229e-01  1.59344429e+00
  -1.08878145e+00 -5.62459466e-02 -4.80762643e-02 -4.00775204e-02
  -1.58481119e+00  4.39090592e-01  5.76825428e-01  1.79542823e-01
  -1.09499789e+00 -2.36004461e-01 -7.22983582e-01  2.63747278e-01
  -1.13096512e+00 -1.37184458e+00 -2.22250517e-01  1.94339423e-01
   1.57313217e+00  6.54372205e-01  8.68926595e-01 -1.30605175e-01
   1.24764617e+00 -1.59146365e+00  3.80266336e-01 -1.04442692e+00
   1.82747927e-01  7.18684215e-01  4.85234650e-01 -1.49674957e-02
   1.02867132e+00  3.44681506e-01  1.14768399e-01  2.46293783e-01
  -4.47215949e-01  9.54297140e-01 -3.33425083e-02 -8.16552224e-01
   3.69441394e-01 -2.17581676e-01  1.91623836e+00 -2.21730046e+00
   3.20632083e-01  1.52122183e+00 -9.49029531e-01  4.90690242e-01
  -5.93082237e-02  4.86312236e-01 -6.79813426e-01  1.08236009e-01
   1.80954584e+00 -1.99818943e-01  1.28494844e-01  1.09213290e-01
   2.52278475e-01 -1.17502422e+00 -1.35673404e+00 -6.08867484e-01
   1.63920627e-01 -1.71456603e-01  3.85581457e-01  7.24338670e-01
  -1.79255625e-03  2.70085017e-02 -4.57095803e-01  6.47438494e-01
   1.96098690e-01  5.53637453e-02 -8.55172659e-01  2.71761187e-01
   1.09576109e+00 -5.29768985e-01 -2.38529069e+00  6.67172594e-01
   1.54726177e+00 -1.52621772e+00 -5.65519866e-01 -5.44510994e-01
   6.42044759e-01 -1.19847224e+00 -1.39422767e+00 -3.33932178e-01
   4.47276496e-01 -5.39048382e-01 -4.31854628e-01  5.80448138e-01
   5.02457454e-01  8.96260754e-01  6.82673816e-02 -1.17146017e-01]
 [ 5.60438306e-01 -1.81574171e+00  7.42308624e-01 -2.43706971e-01
   1.08879716e+00  8.81421611e-01  1.26158602e+00  1.54823545e+00
   4.51052494e-01  8.97387044e-01  2.39920517e-01  5.96537511e-01
  -6.68957276e-01  2.86676301e-01  5.83536352e-03  2.73388752e-01
   5.63955698e-01 -4.58990209e-01  4.77780284e-01  1.06090394e+00
   8.34406945e-01  2.71780670e-01 -1.19689230e+00 -3.37243664e-01
  -3.42065211e-01 -3.17555057e-01  1.67372274e-03 -3.09102887e-01
   8.06154670e-01  8.19903955e-01  5.34372343e-01 -4.61913972e-01
   1.01068389e+00 -3.13868665e-02  1.24136130e-01 -1.19591567e+00
   3.85021473e-01 -5.71186190e-02 -9.00989753e-01 -7.96106188e-02
  -2.07875137e-01 -7.09157716e-01 -3.57888957e-01  8.11296022e-01
  -1.06485427e+00  4.18589309e-01  1.46221435e+00  1.25481510e+00
   1.18822240e+00 -2.16426879e-01 -1.17434594e+00 -9.39796000e-01
  -9.27411047e-02  4.42585015e-02 -3.13620494e-01  1.04694735e+00
   3.72562943e-01 -1.12844546e-01  1.59557760e+00  1.95777360e+00
  -6.95020095e-01 -7.60304210e-02  1.72092270e+00  7.14783216e-01
   8.23061162e-01 -2.35410798e-01  2.01278408e-01  2.15210132e-01
  -5.40731685e-01 -1.42035943e+00  9.13713983e-02  9.90221803e-01
  -6.30230525e-01 -3.81140840e-02  2.75673152e-01  1.66818928e+00
  -1.20322079e-01  8.29082441e-01  4.48151467e-01 -4.44122396e-01
   1.03510629e+00  5.68326140e-01 -9.30326802e-01 -3.06804767e-01
  -5.92538783e-01 -1.48069681e+00 -9.17109982e-01 -2.42516236e-01
   2.15648356e-01  5.38322650e-01  3.39238378e-02 -6.07425838e-01
  -2.84039969e-01  4.80515731e-02  9.93391224e-01 -1.27729913e+00
  -1.75051625e-01 -6.83173648e-01 -6.64631912e-01  7.02618540e-01]
 [-1.79095113e+00  9.78575005e-02  7.82264313e-01  1.57997835e+00
   4.02275746e-01 -4.63009823e-01 -4.35097013e-02  1.93875713e+00
   1.50480811e+00  3.49519701e-01  8.52219159e-01 -4.42196733e-01
   5.64497682e-01  5.22585037e-01 -2.93012693e-01  4.44776951e-01
   4.00885893e-01 -1.02710650e+00  2.40276929e-01 -1.80513147e+00
   4.23166221e-01 -1.47449609e+00 -1.81043217e-01 -5.85250620e-01
   6.54939626e-01 -9.17264958e-01 -1.91513678e-01 -6.45652111e-01
  -8.77874917e-01 -9.59170916e-01 -2.05428533e-01  2.01706266e-01
   2.15797697e-01 -2.85139475e-01 -1.04111506e+00 -1.13793006e+00
  -8.19401002e-01 -8.44261012e-01  1.96930137e-01  3.21510833e-01
  -4.32329864e-01  2.17554445e+00  4.42111914e-01  1.51987057e+00
   8.34911434e-01 -1.42042502e+00  2.26551566e+00 -8.53613065e-01
   7.39885108e-01 -1.16013383e+00 -3.17728591e-01 -4.18209575e-01
  -2.90620298e-01  1.06018572e+00  8.98080539e-01  8.42319313e-02
   2.73622267e-02 -4.41058654e-01  1.05024735e+00 -3.18039179e-01
   3.05577388e-01  5.47505857e-01  1.21376931e+00  5.43210276e-01
  -9.14291283e-01 -4.82129339e-01 -5.99015984e-01  1.75537860e-01
   2.58942544e-01 -1.50458789e+00  2.88558358e-01  9.16787860e-01
   7.53555388e-01 -1.33415226e+00  1.54106167e+00 -9.58156931e-01
  -6.62050093e-01  2.55669315e-01  9.54602447e-01  1.95733921e-01
   1.75814724e+00 -2.07827880e-01 -3.31254854e-01 -1.49752348e-01
   6.80410052e-02  9.58023648e-02  1.00913739e-02  6.77180775e-01
  -2.23106238e-01 -1.44952024e+00  5.95435806e-01  4.16699363e-01
  -2.32500911e-01 -2.27294732e+00 -5.52384118e-01  3.93621723e-01
   8.96316407e-01  1.61783898e-01 -1.08502550e+00  6.53892639e-02]
 [ 2.33056692e+00 -6.72979456e-01  8.60724004e-01  6.89068015e-01
  -9.36862721e-01  1.13234150e+00  1.87108854e+00  1.91231728e+00
   6.67369468e-01 -1.36801997e+00  8.22621635e-02 -1.26203004e+00
   3.20995031e-01  6.12543827e-01  9.15274089e-01  9.26940979e-01
  -5.35704511e-01  4.27138897e-01 -1.01993140e+00  6.54661038e-02
   2.65864726e-01  1.30389987e+00 -8.11714770e-01  3.89766580e-01
  -1.75087720e+00  8.41334295e-01 -6.66730591e-01 -1.37923820e-01
  -5.30525398e-01  2.30749478e-01  2.28407451e+00 -3.78868898e-01
  -1.09805603e+00 -4.34919931e-01  1.81465213e-01  4.28054328e-01
  -6.44196932e-01  9.65494971e-02 -5.21183932e-01 -4.23502100e-01
   1.82239033e-01  1.08783332e+00 -8.67215828e-01 -8.18400061e-01
   5.87770199e-02 -1.37409482e+00 -3.59132476e-01 -9.29245941e-01
  -1.19379116e+00  6.42451518e-01  6.91530362e-01 -1.56623988e-01
   3.53271797e-01 -2.31689002e-01 -6.30237892e-01  8.03899910e-01
   8.44179289e-01  2.29047332e-01 -6.29864259e-02 -6.18517358e-01
  -1.28821904e+00 -1.34566537e+00 -1.39133527e+00 -3.53237348e-01
  -9.47610743e-01 -1.85329069e-01 -1.04559226e+00  4.30128508e-01
   1.05293515e+00  6.14860374e-02 -1.07668140e-01 -4.68220096e-01
   1.01956966e-01  9.85075728e-01 -4.12546495e-01 -6.52419630e-01
  -9.55537334e-01  7.44008615e-01 -5.97269281e-01  5.19796707e-01
  -9.47319447e-01  7.56693147e-01  5.65107422e-01  1.00466014e+00
   1.65460031e+00 -5.10323096e-01 -1.09251516e+00 -1.02741233e+00
  -7.07549594e-01  7.24661222e-01  3.25404960e-01  2.99525007e-01
  -5.20728819e-01  3.74383829e-01  6.11228174e-01  5.04237213e-02
   6.88738799e-01 -3.74150900e-01  2.44972323e+00  1.22699122e+00]
 [-2.83379700e-01  7.89230047e-02 -3.59464922e-01 -2.66216931e-03
   2.09393414e-01 -5.08767753e-01  6.61467495e-01  1.26739517e-01
  -2.79050169e-01 -1.08929201e+00  4.07594922e-01 -3.22044031e-01
   3.77006822e-01 -8.22589770e-01  1.67838600e+00 -1.01023175e+00
   1.36628511e-01 -2.26277587e+00  1.29455898e+00  1.88714400e-01
   1.39208372e+00 -3.46964709e-01 -9.75939043e-01 -5.23357831e-01
   2.79775386e-01 -2.77597104e-01  3.49754107e-01 -6.22402479e-01
   9.14906855e-01 -2.31731363e-01 -1.17400628e+00 -2.44899008e-01
  -7.02654527e-01  3.77715063e-02  1.41315656e+00  1.06019518e+00
   1.62849782e-02  4.36392883e-01  1.90964796e-02 -9.81613897e-01
  -1.61259250e+00  5.92404531e-01  1.01505339e+00  4.47228305e-01
  -9.97334369e-01 -3.00846418e-01  2.10849643e-01  7.79108979e-01
   2.15800612e-01  1.23426638e+00 -4.16251468e-01 -6.45890029e-01
   5.27274177e-01  2.57015132e-02  3.36233844e-01 -9.75285139e-01
  -2.29972994e-01 -1.26072258e+00 -7.80063884e-02  3.09197836e-03
   1.17710515e+00  2.20755691e-02 -2.49504735e-02  9.37596182e-02
   1.37834038e+00  1.66296826e-01  2.57545475e-01 -7.67061926e-01
  -9.29956081e-01 -7.16186789e-01  2.04109925e-01 -9.30641829e-01
  -8.18112497e-01 -4.40477236e-02 -4.05369658e-01  1.47019893e+00
   1.73104311e-01  5.83214239e-01 -1.47697407e+00 -7.56484798e-01
   7.05468873e-01 -6.96573492e-01 -9.71831321e-01 -1.18770580e+00
   1.57680020e+00 -1.93964558e+00  1.08149363e+00  1.05376588e+00
   8.99421310e-01  4.65681526e-01 -1.27209184e+00  1.46041271e+00
  -7.87264365e-01 -6.85327328e-01 -7.97211304e-02 -2.00264923e+00
  -1.45686848e+00 -7.18190718e-01  1.00864488e+00  3.31136178e-01]
 [ 1.19122498e+00  1.27423572e-01  9.79739849e-02 -1.48298902e+00
  -9.39442616e-01  1.81478573e-01  2.79714149e+00 -3.87715251e-02
   5.82331873e-02  5.32819259e-02  9.98904318e-01  5.82892152e-01
  -3.05197924e-01  1.10601501e+00 -2.30570480e-01 -4.40029363e-01
  -3.80324818e-01  1.94016293e-01  8.73717646e-01 -3.56444882e-01
  -2.71984903e-02  6.03288247e-02  7.45309363e-01 -5.15981812e-01
  -8.69975598e-01  8.33802344e-01  6.93064823e-02  1.47487061e+00
   3.41766446e-01  9.49964874e-02  1.80188281e+00 -7.57481034e-03
   1.71264634e-01 -8.48604109e-01 -2.76021571e-01 -1.09639330e+00
   6.07888744e-01  2.52232984e-01 -1.27960940e-01  3.74330050e-01
   8.95321474e-02  1.94714545e-01 -1.02450747e-01  1.29930292e-01
  -5.89429933e-01  1.07911035e+00 -7.10507713e-02 -9.00183609e-01
   5.89903665e-01 -3.89324470e-01  9.59737442e-01  2.03414442e-02
   8.99373740e-01  1.49335410e+00  7.97096594e-01 -2.27727685e-01
  -1.37994336e+00  7.43462798e-01  1.80374528e-01  1.68623015e-01
   7.43826249e-01  1.81964185e-02  1.07600429e+00 -2.64288940e-01
   9.11428470e-02 -1.28031720e+00 -7.03843719e-01 -6.79853350e-01
  -1.60170111e-01  5.33345361e-01 -7.10715080e-01  4.85120475e-02
  -2.92839248e-01 -8.66105897e-01 -6.19069734e-01  5.66817939e-01
  -1.46200510e+00  4.08326656e-01  5.08614843e-01 -7.78889274e-01
  -1.02991936e+00  2.22487587e-01 -1.54665519e+00 -5.25136600e-01
  -3.29508799e-02  2.58980984e-01 -2.04954678e-01 -5.26769505e-01
   6.85871241e-01  5.42855972e-01 -5.48443211e-01  2.30290264e-01
   8.12736659e-01 -5.83298109e-03  1.66926633e-02  4.93716914e-01
   7.24088804e-01 -8.64517241e-01  1.26966570e+00  3.20526254e-01]]