[[ 2.51687408e-01 -1.42724463e+00 -2.22822500e-01  3.47839423e-01
  -4.38200738e-01 -4.03597794e-01 -3.93484124e-02  1.83657624e+00
  -7.87014905e-02 -2.41960167e-02 -7.39585478e-01  1.12359531e-01
   3.08843341e-01  6.41091808e-01  1.35840415e+00  7.82214820e-01
  -6.70426825e-01  1.28831417e+00  1.18199720e+00  9.08792544e-01
   1.28835100e+00 -2.98656156e-01 -3.78876707e-01  1.97637942e+00
   1.35491246e+00  1.54536741e+00  2.11933324e+00  5.00410941e-01
   2.37383614e-01  8.40864611e-01 -1.34145002e-01 -5.85218208e-01
  -5.61945121e-01  2.10683416e+00  1.87385418e+00 -1.26182864e+00
  -4.56665017e-02  1.17548638e+00  2.15507852e-01  4.03260020e-01
  -4.88590605e-01  1.08531629e+00  2.16296468e+00 -6.24701800e-01
  -7.36744817e-02 -7.44686540e-01 -5.50948054e-01 -2.67743495e-01
  -1.38403614e+00 -9.52661640e-01 -5.10286826e-01  1.07978958e+00
   1.21946289e+00 -1.90819934e+00 -2.70510848e-01 -1.32597720e+00
  -3.00019000e-01  1.90917213e+00  2.97747747e-01 -2.18827161e-01
  -4.25825768e-01  2.24200515e-01  7.53940348e-02 -1.40210018e+00
  -2.31853247e-01 -1.44914661e+00  1.03457076e-01 -7.66213262e-01
  -2.57445771e-01 -4.68329698e-01 -9.97550492e-01 -6.11649574e-02
  -1.51737170e-01 -2.98595531e-01 -2.42274304e-01  1.71738400e-01
  -1.24179213e+00 -6.15955022e-01  5.47421527e-02 -3.12539817e-01
   6.26827619e-01 -4.57269218e-01  1.05479994e+00 -1.49875109e-01
  -1.76984805e+00 -1.17702639e+00 -2.32145287e+00  1.24933979e+00
  -8.09468804e-01 -1.11304032e-01  2.58688375e-01  1.35996963e+00
  -9.38328954e-01  1.43026620e-01  9.89928185e-02  2.93233096e-01
  -3.41957876e-01  5.43020996e-01 -1.86894561e+00  1.32062948e+00]
 [-4.24471968e-01 -1.38739550e+00 -7.60980160e-02 -1.35667196e+00
  -2.22716097e-01 -8.43764738e-01 -3.99368129e-01 -8.74448590e-01
  -7.62983721e-01  3.54172859e-01 -4.88981794e-01  9.20313027e-01
  -6.05320354e-01 -5.24513643e-01  5.72832555e-01  5.57976205e-01
   1.16825709e+00 -9.08772367e-01  1.92182445e-01  4.69631134e-01
   1.00912913e+00 -5.18311233e-02 -6.33274500e-01 -7.30129681e-01
  -1.62351716e+00  8.20342860e-01 -3.88083444e-01 -1.95756460e+00
  -5.09778471e-01 -3.14120063e-01  1.92968594e+00  2.27379591e-01
   1.44800838e+00  2.78144368e+00 -6.09064873e-03 -2.99310365e-02
  -2.63909160e-01  2.15019791e+00 -7.55366309e-02  2.34162856e+00
   1.95243768e+00  1.60165181e+00 -1.33099784e+00 -1.46926742e-01
  -2.11792811e+00  1.14598142e+00 -1.38814383e+00 -5.44247964e-01
  -7.48326504e-01 -3.83539220e-01 -2.93035266e-01 -1.10467605e+00
   1.23545753e+00 -4.68881204e-01 -1.11574418e+00  2.43489011e-01
   2.00942345e-01 -4.13129718e-01  9.97877778e-02 -6.43737748e-01
  -1.49935467e-01 -1.85120505e-01  2.72542531e-01 -1.47567486e+00
  -4.47313381e-01  7.26281708e-01  1.53953301e+00 -3.68546245e-01
  -3.01971368e+00  7.77483187e-01  9.10059664e-02 -9.20482704e-02
  -1.27874263e-01 -2.70960131e-01  1.53379934e+00  3.74792498e-01
  -1.80290729e+00 -5.54002531e-02  2.70590801e-01  7.03769085e-01
   4.32398666e-01 -1.23689045e-01  6.33205598e-02 -1.12671623e+00
  -5.44102877e-01  6.92962970e-01  9.10220585e-02  5.64983383e-01
   1.50390829e-01 -5.80845917e-01  1.76746017e-01 -1.04890291e+00
   6.88607551e-01  4.24338003e-01 -1.81276991e-01  8.22955746e-01
  -2.53131916e-01  8.14895904e-01  1.08026130e+00  6.76051579e-01]
 [ 8.09470416e-01 -9.46927997e-01  1.42859522e+00  6.30770623e-01
   9.84328410e-01  1.60459241e+00  6.12913633e-01  7.54786532e-01
   4.82605355e-01  1.43728540e+00  8.91759091e-01 -1.31529823e+00
  -1.41218972e+00  5.00492117e-01 -1.18756514e+00 -1.33642823e+00
   3.24517580e-01  4.32070765e-01 -1.05069794e+00 -1.09286318e+00
   1.36833250e+00 -1.51848606e-01 -1.55409227e+00 -2.36262402e-01
   8.02856910e-01  6.07667918e-01  1.76304115e+00  1.17544719e+00
  -3.28454217e-01 -2.08254258e-02  4.99783964e-01  8.99196535e-01
   2.09310192e-01  5.11015803e-01 -4.71505705e-01  4.98128787e-01
  -1.56957197e+00  9.99874821e-01  6.63722795e-01 -1.91358634e+00
  -7.96038270e-01 -1.62956223e-01  4.93956234e-01  7.46342261e-01
  -3.26345149e-01  3.38453899e-01 -1.04963004e+00  1.10262214e+00
   8.05484842e-01  2.92515568e-01 -1.79965773e-01 -1.04831159e+00
   7.58998152e-02  9.69134996e-01  1.04713246e+00 -1.42960494e+00
   1.03250373e-01  1.35939115e+00  7.64601186e-01 -1.92265103e+00
   6.37630702e-01  1.45355354e-01 -3.57965082e-01  2.09836587e-01
   2.94096816e-01  1.55950906e+00 -8.33490185e-01  8.61671979e-01
  -2.07053274e+00  1.30209162e+00  9.89294369e-01  5.47050575e-01
   2.42933688e-01  3.96216376e-02 -1.17618916e+00 -1.66147504e+00
  -3.88009831e-01  4.50434559e-01 -8.83131694e-02  1.31690267e+00
  -1.71544419e+00  4.68195957e-01  2.00384131e+00  9.79597647e-01
  -5.32971922e-01 -9.62747558e-03  1.04257242e+00  1.66503327e-01
   2.87500879e+00 -5.20416156e-01 -3.05927087e-01 -7.06454934e-01
   1.21435897e+00 -3.12918211e-01 -3.05049485e-01  1.69552866e+00
  -3.12602701e-01 -1.26233495e-01 -1.96053130e+00  1.24175646e+00]
 [-2.40156936e-02 -9.15342024e-01 -2.96421702e-01  1.61794324e+00
   9.68558964e-01  1.83500766e+00  1.41836425e-01 -1.79519513e+00
   2.56032894e+00  5.61438434e-01 -1.01422211e-01  4.30836155e-01
   1.09409506e+00  1.71481484e-01  2.26386895e+00 -4.19078703e-01
   8.46404797e-01 -8.09560901e-02  4.26658842e-01 -3.21821994e-01
   2.27970048e+00 -1.29821841e+00 -1.53498045e+00 -1.92571232e+00
  -6.50229895e-01 -4.31363886e-01 -9.76422643e-02 -7.97544549e-01
  -1.73135199e+00  4.24996924e-01  4.72178801e-01 -2.93883670e-01
  -4.86907150e-01 -2.87451656e+00  1.82058222e+00  1.53747595e+00
   1.08231984e-01  1.43001208e-01 -1.23636221e-01  9.25056835e-01
  -1.42885950e+00 -3.89399806e-01  7.10313339e-01  1.01108655e+00
  -2.44080705e-01 -5.50894535e-01  4.13102898e-02  2.46656064e+00
  -6.65497588e-01 -4.78972315e-01  9.04929628e-01 -9.40865135e-01
   1.09715539e-03  3.90691516e-01 -2.69722907e-02 -4.27349269e-01
   1.16973050e+00 -1.34986750e-01 -1.25240860e-01 -5.79223895e-01
  -9.39302460e-01 -2.30605642e+00 -8.75855356e-01  4.19739188e-01
   1.79320678e+00 -1.04709375e+00  8.67512468e-02 -1.01268938e+00
  -4.03453384e-01 -1.82574076e+00 -5.52159811e-01  3.22926339e-01
   9.29162060e-01  8.38299506e-01 -1.19189536e+00 -2.21012671e-01
  -3.66480983e-01 -9.91914346e-01 -7.70241658e-01  1.27278529e-01
   1.22354931e+00  1.71834860e-01  1.42703929e-01  4.91046007e-01
  -2.95273976e-01  5.54538987e-01 -2.13676847e+00  6.90392516e-01
  -3.85995588e-01 -1.85634054e-01 -1.10074973e+00 -3.83236314e-01
   6.97084126e-01 -7.83004712e-01 -3.97757097e-01 -1.96715228e+00
   1.17048487e+00  4.45414873e-01  1.69957672e+00  2.86584372e+00]
 [ 8.57945213e-01  5.44818719e-01  1.70559860e+00  1.17150016e+00
   1.61368266e-01  6.02154813e-01  1.93398520e+00  6.77011984e-01
   7.87181039e-01  1.60805734e+00  4.47163207e-01  1.13836065e+00
  -3.24823910e-01 -9.26331607e-01  3.58094016e-02  2.03924044e-03
  -3.04799253e+00 -9.42240763e-03 -1.32198719e-01  3.16675336e-01
  -1.25060124e+00 -5.86128930e-01  3.91784733e-01 -2.51614675e-01
  -1.44358445e+00  2.76694442e-01  3.85147264e-01 -4.84575886e-01
   2.26644103e+00  1.18667175e+00  4.18920715e-01  2.39431879e-01
   6.39655040e-01 -1.57262424e+00  3.76932664e-01 -6.62236937e-02
   1.42353018e+00  9.65703036e-01  1.98507211e+00 -7.49150297e-01
   8.77552657e-01 -2.92803176e-01 -1.27734396e+00  2.46711771e-01
  -4.26791861e-01  1.08309742e+00  1.53080600e-01 -8.72761892e-01
   1.86631944e-01  3.39859799e-01  1.68883114e+00 -2.88727216e+00
   4.51456383e-01  1.34273775e+00 -1.18700241e+00  3.67257689e-01
  -9.06645082e-01  1.00975785e-01  3.85380142e-01 -4.94752455e-01
   1.97321324e+00  6.69303112e-01 -5.36891737e-01 -4.10740544e-01
   1.07393112e-02 -1.33749537e+00 -1.17535423e+00 -1.14338602e-01
  -2.23490440e-01 -1.07589889e+00  1.51200969e+00  3.21773036e-01
  -2.10386043e-01  1.29124498e+00 -1.00631191e+00  7.37791126e-01
   4.98683812e-01  9.60325473e-02 -1.29603284e+00  3.74147149e-01
   3.75100419e-01  9.05736200e-02 -2.45075292e+00  5.36824194e-01
   1.66077403e+00 -8.92096550e-01 -6.20984314e-01 -3.25375338e-01
   2.27318088e-01 -1.40125622e+00 -1.74270298e+00 -1.20490745e+00
   5.82068775e-01 -1.78655035e+00 -5.33700523e-01  3.59806251e-01
  -1.62434912e-01  5.91612078e-01 -4.70379066e-01 -4.37542285e-02]
 [ 1.14435452e+00 -2.69765206e+00  1.07505823e+00 -6.58208368e-01
   1.46102178e+00  1.44116425e+00  1.27178389e+00  4.17106453e-01
   4.37548770e-01  3.49922902e-01  1.16282706e+00  9.73521377e-01
  -7.35389547e-01  2.96060298e-01  9.66310635e-02 -1.80084989e-01
   9.77539652e-01 -5.70656696e-01  1.62767593e+00  8.49695349e-01
   4.55914810e-01  3.52783293e-01 -1.87858004e+00  6.18654490e-01
  -3.68785485e-01  3.04568931e-01 -4.39059806e-01  2.05022670e-01
   8.70564546e-01  8.38088065e-01  1.00225320e+00 -6.82994416e-01
   1.32029377e+00 -1.57268019e-01  8.93317855e-02 -1.80305033e+00
  -3.39934959e-01  1.21508717e-01 -1.30241506e+00  3.25778705e-01
   2.03997078e-02 -5.47616033e-01 -4.49394501e-01  8.32049220e-01
  -1.07973302e+00 -2.50584342e-02  1.71454932e+00  6.37935471e-01
   1.49305879e+00 -9.59932778e-01 -2.01897420e+00 -1.10455854e+00
  -6.77188463e-01 -2.16670006e-01 -9.44585098e-01  1.01502017e+00
   8.37194191e-01 -1.39432413e-01  1.25802162e+00  1.88140514e+00
  -9.68686010e-01 -3.71753744e-02  1.77162115e+00 -1.80654436e-01
   1.27442055e+00 -6.03786365e-01 -4.76160705e-01 -1.32264581e-01
  -1.08166486e+00 -1.87551763e+00 -1.00133711e+00  2.00826672e+00
  -3.93512013e-01 -8.12128200e-01  6.79729624e-01  2.23123274e+00
  -1.44867855e-01  1.11977291e+00  5.40455789e-01 -1.16372976e+00
   1.11210286e+00  8.24106213e-01 -1.62253992e+00  3.52945643e-01
  -1.16279894e+00 -1.88158511e+00 -1.78561297e+00 -7.86848622e-01
   1.69224174e-01  5.21127794e-01 -2.94509081e-01 -9.52020871e-02
  -4.50187521e-01  3.65153245e-01  1.44809655e+00 -1.93852111e+00
  -9.21218820e-01 -3.74421161e-01 -1.07058381e+00  3.37194101e-01]
 [-1.76260479e+00  1.98468884e-01  2.19917634e-01  2.05764516e+00
   6.82855859e-01 -4.47672076e-01 -1.67287465e-01  2.34501208e+00
   1.87727812e+00  3.37429043e-01  1.69837007e+00 -4.77218523e-01
   1.39467243e+00 -1.05361264e-01 -5.04323003e-01  2.89893074e-01
   1.36363505e+00 -1.68310735e+00  6.90934405e-03 -2.02487399e+00
   4.98156491e-01 -1.01334338e+00  1.01839736e+00 -7.27402494e-01
   1.04752891e-01 -1.29659311e+00 -7.30775206e-01  1.49201511e-01
  -1.25634079e+00 -1.46732706e+00  7.00717859e-02  1.40463331e-01
  -1.83124159e-01 -1.09810048e-01 -1.33037818e+00 -1.55397320e+00
  -5.75790781e-01 -1.56852690e+00  2.59206493e-01 -2.17394535e-01
  -5.49312610e-01  2.71482156e+00  3.49130430e-01  1.81486062e+00
   9.06002637e-01 -8.92799506e-01  2.69539840e+00 -1.11391040e+00
   8.34830158e-01 -2.15447651e-01  9.28068358e-04 -3.17746439e-01
  -6.19988769e-01  7.96795035e-01  1.33641415e-01 -9.94076623e-02
   2.00911195e-01  4.66545431e-01  7.66691973e-01 -8.31035149e-01
  -2.85107525e-01  1.12888121e+00  1.64212496e+00  1.68168463e+00
  -7.72481284e-01 -3.48037299e-01 -5.53034711e-01  2.17384885e-01
   1.05216096e+00 -8.49401191e-01  4.33881403e-01  1.08062436e+00
   1.09825316e+00 -1.12729060e+00  1.47306693e+00 -4.12292279e-01
  -1.15842206e+00  7.61891102e-01  1.10582239e+00 -3.79828755e-01
   1.68276895e+00 -6.94566350e-01  9.54683732e-02  1.45399063e-01
   6.63959135e-02  1.34498569e-01 -3.16915707e-01  8.72082885e-01
  -5.11876858e-01 -1.57978128e+00  4.09759024e-01  2.06304685e-01
  -2.45274548e-01 -1.54856792e+00  3.03334714e-01  1.53188107e-01
   5.69395327e-01 -3.44435095e-01  3.74551702e-01  2.89473548e-01]
 [ 1.38481095e+00 -4.50453424e-01  9.54668991e-01  8.72019114e-01
  -6.90621680e-01  8.05891632e-01  1.50751466e+00  2.17171238e+00
   1.34414483e+00 -1.47658624e+00 -6.30864826e-01 -1.68517056e+00
   2.81581678e-01  1.45353097e+00  7.26220363e-01  1.91356153e+00
  -5.92318833e-01  8.51032029e-01 -2.01683101e+00  3.32247191e-01
   4.58018930e-01  1.33161466e+00 -1.55221956e+00  4.94233201e-01
  -1.22991690e+00  6.33902121e-01 -5.63916272e-01 -4.21286425e-01
  -2.93525299e-01  5.46042172e-01  2.36954220e+00 -3.40827211e-01
  -1.46986483e+00 -2.84684543e-01  2.13333529e-01  6.06291139e-01
  -1.16553859e+00  3.06505010e-01 -2.75094751e-01 -4.23777662e-01
   4.71274395e-01  1.78652347e+00 -5.08092511e-01 -1.16311567e+00
  -2.73783010e-01 -1.58520586e+00 -1.67313515e-01 -6.66672521e-01
  -3.35038357e-01  1.51659916e+00  8.38973700e-01 -1.45023936e-01
   2.15526927e-01 -4.66547157e-01 -2.89773732e-01  1.29513821e+00
   2.85388686e-01 -4.18882852e-01 -2.03240498e-01  6.05816954e-01
  -6.73521541e-01 -1.11497708e+00 -1.23693825e+00 -6.09579108e-01
  -1.03643569e+00  7.13529872e-02 -4.16092749e-01 -1.26079357e-01
   1.76483070e+00 -4.46819998e-01 -1.73689725e-01  5.28627241e-01
   8.22192398e-02  6.75197090e-01 -1.42541337e-01 -4.10093467e-01
  -7.16781759e-01  1.46816656e+00 -9.45892783e-01  1.07151106e+00
  -1.11383673e-01  4.18902591e-01  3.47132892e-01  1.60929416e+00
   2.14712981e+00 -9.70553608e-01 -6.32789541e-01 -1.06570219e+00
  -7.16467624e-01  8.36320282e-01  1.85071279e-01  8.96731874e-01
  -9.07740081e-01  4.96075600e-01  1.24298673e+00  6.47441308e-01
   1.66858083e+00 -1.64358163e-01  2.56062344e+00  9.08773159e-01]
 [-4.35055660e-01  4.89334309e-01 -8.51110934e-01 -2.33302164e-01
   1.72183968e-01 -1.10478251e+00  9.72917594e-01  2.15542291e-01
  -1.17309139e+00 -1.00541169e+00  1.30980338e+00  5.78538711e-02
  -6.76661043e-02 -6.59459434e-02  3.06578022e+00 -1.06527238e+00
   5.38615751e-01 -2.32415231e+00  1.65933917e+00 -1.43796517e-01
   1.40977909e+00  5.88414739e-01 -2.06453343e+00 -2.51725400e-01
   3.73462686e-01 -1.04554280e+00  8.35556065e-01 -4.51028298e-01
   5.67325205e-01 -2.31089348e-01 -2.10186402e+00 -8.32071399e-01
  -9.87788708e-01  1.24811316e-01  1.87713110e+00  1.34120644e+00
  -2.40608447e-01  5.23880318e-01  1.36210363e-01 -5.01882279e-01
  -2.07130986e+00 -1.42793882e-01  2.53661907e+00  2.71882388e-01
  -1.01327723e+00 -5.39802073e-01 -4.02706073e-01  1.11292482e+00
  -3.99518320e-01  8.74970431e-01 -9.37313598e-02 -5.93900063e-01
   1.06595275e+00 -4.35570715e-02  4.00251536e-01 -6.16096980e-01
   8.06809827e-02 -2.13689379e+00 -3.87877439e-01  3.65024814e-01
   1.59584132e+00 -3.09452241e-01 -6.92892674e-02 -6.14157424e-03
   1.49533592e+00  2.81773608e-01  5.93976539e-01 -4.73188643e-01
  -2.08710056e-01 -2.35966805e-01  7.21937514e-01 -8.62064006e-01
  -1.49902392e+00  2.13479222e-02 -6.77022411e-01  1.60060746e+00
   1.05711974e-01  7.61577105e-01 -1.61085992e+00 -7.84534451e-01
   1.43016386e+00  2.74024687e-01 -1.03395316e+00 -2.44407743e+00
   1.64783598e+00 -2.22966046e+00  1.37058297e+00  1.32686146e+00
   1.05213276e+00  6.72697215e-01 -1.23999891e+00  1.83973779e+00
  -7.80822540e-01 -1.13665756e+00 -5.98184894e-01 -2.06377483e+00
  -1.91089458e+00 -2.52336974e-01  1.70571324e+00  5.47631350e-01]
 [ 1.52596346e+00  1.09592657e-02 -4.34527210e-01 -1.98765299e+00
  -1.05796363e+00 -2.75890474e-01  2.87496349e+00 -7.55851956e-02
   3.12057670e-02  1.24316004e-01  6.98826763e-01  4.66169474e-01
  -1.48365680e-02  3.68634165e-01 -1.58029214e+00 -1.58203012e+00
  -3.55162410e-01  5.01813238e-01  1.21933844e+00 -3.61730080e-01
  -1.98855528e-01 -4.43188816e-01  1.21610520e+00 -8.14363504e-01
  -7.70619274e-01  2.87735361e-01 -2.56760176e-01  1.12319884e+00
   3.68113579e-02  1.00905085e-01  1.29823528e+00 -1.25957626e-01
   5.90118684e-01 -1.17599538e+00 -3.90258958e-01 -1.30767795e+00
   3.01245587e-01  1.74343419e-01 -1.02685946e+00  1.01338250e-01
   6.94545240e-01  2.91048292e-01 -3.97381427e-01  1.93034073e-01
  -5.55790281e-01  1.11719026e+00  1.65680145e-01 -1.32393253e+00
   1.32410013e+00 -1.30578994e+00  1.19436836e+00 -1.33958728e-01
   1.78852217e-01  1.71487851e+00  1.19269601e+00 -7.28211286e-01
  -1.37399225e+00  9.19854046e-01 -4.06158697e-01  8.36830530e-01
   5.66804278e-01 -3.27668719e-01  1.37073274e+00  2.40489052e-01
  -1.58582895e-02 -1.65286498e+00  2.65255316e-01  2.72057474e-02
  -8.20756086e-01 -6.72970878e-01 -1.58767366e+00 -7.75112923e-01
  -7.26193130e-01 -1.65080469e+00 -3.88578511e-01 -3.38138560e-01
  -2.07741856e+00  1.84680464e-01  9.40932680e-01 -7.14943861e-01
  -8.96357657e-01 -3.19408484e-01 -1.31613635e+00 -3.38798936e-01
  -3.92353212e-01  1.01222086e+00  1.08782643e+00 -5.62915520e-01
   6.04697323e-01  7.49283268e-01  1.68416223e-01  1.78885898e-01
   8.90408732e-01  6.48594644e-01 -2.26099373e-01  9.92357332e-03
   8.22460865e-01 -1.60740738e+00  9.40066376e-01 -4.59722597e-01]]