[[-0.4813713 ]
 [ 0.34001348]
 [-0.15746489]
 [ 0.43340774]
 [ 0.37547981]
 [ 0.35865714]
 [-0.26384006]
 [-0.18930432]
 [ 0.32531426]
 [ 0.15059568]
 [ 0.40894785]
 [-0.15817792]
 [ 0.35050691]
 [ 0.2789649 ]
 [-0.09734572]
 [ 0.39708028]
 [-0.28781993]
 [ 0.04048317]
 [ 0.06321067]
 [ 0.01998942]
 [ 0.30886033]
 [-0.10217296]
 [ 0.2137604 ]
 [ 0.16201528]
 [ 0.38448239]
 [-0.2424119 ]
 [ 0.10268349]
 [-0.27604901]
 [ 0.45633503]
 [-0.29638169]
 [-0.05031944]
 [-0.131148  ]
 [-0.43602497]
 [-0.25676566]
 [ 0.12450486]
 [-0.34007483]
 [ 0.31216131]
 [-0.43987312]
 [-0.3808117 ]
 [-0.13057256]
 [ 0.25009598]
 [ 0.29302723]
 [-0.30785223]
 [-0.08151929]
 [-0.16041697]
 [-0.04426112]
 [-0.40535425]
 [ 0.4305918 ]
 [-0.44931516]
 [-0.36310559]
 [ 0.39108282]
 [ 0.120848  ]
 [-0.00512631]
 [-0.47728513]
 [-0.43006325]
 [ 0.13467505]
 [-0.36984011]
 [-0.09526195]
 [ 0.2755751 ]
 [-0.28064107]
 [-0.14267222]
 [ 0.43619806]
 [ 0.1754527 ]
 [ 0.21719997]
 [ 0.153186  ]
 [-0.26424146]
 [-0.33942353]
 [ 0.2600081 ]
 [ 0.18795294]
 [ 0.08875892]
 [-0.09097716]
 [ 0.1274339 ]
 [-0.1818337 ]
 [ 0.11114156]
 [-0.15686874]
 [ 0.11620186]
 [ 0.36297559]
 [-0.00779889]
 [-0.33686239]
 [ 0.45976186]
 [ 0.3253414 ]
 [ 0.47733377]
 [-0.24362031]
 [-0.38161366]
 [ 0.21553222]
 [ 0.22574722]
 [-0.02623104]
 [-0.04318287]
 [-0.32750446]
 [ 0.43451429]
 [ 0.28230718]
 [ 0.08755079]
 [-0.24972332]
 [-0.48173422]
 [-0.09713829]
 [ 0.25868652]
 [ 0.3607411 ]
 [ 0.02146666]
 [-0.43162193]
 [ 0.08540425]]