[[-0.46470352]
 [ 0.35668126]
 [-0.14079711]
 [ 0.45007552]
 [ 0.39214759]
 [ 0.37532492]
 [-0.24717228]
 [-0.17263654]
 [ 0.34198204]
 [ 0.16726346]
 [ 0.42561564]
 [-0.14151014]
 [ 0.3671747 ]
 [ 0.29563268]
 [-0.08067794]
 [ 0.41374806]
 [-0.27115215]
 [ 0.05715095]
 [ 0.07987845]
 [ 0.03665721]
 [ 0.32552811]
 [-0.08550517]
 [ 0.23042819]
 [ 0.17868306]
 [ 0.40115017]
 [-0.22574412]
 [ 0.11935127]
 [-0.25938122]
 [ 0.47300281]
 [-0.2797139 ]
 [-0.03365166]
 [-0.11448021]
 [-0.41935719]
 [-0.24009788]
 [ 0.14117264]
 [-0.32340705]
 [ 0.32882909]
 [-0.42320534]
 [-0.36414392]
 [-0.11390478]
 [ 0.26676376]
 [ 0.30969501]
 [-0.29118445]
 [-0.06485151]
 [-0.14374919]
 [-0.02759334]
 [-0.38868647]
 [ 0.44725958]
 [-0.43264738]
 [-0.34643781]
 [ 0.40775061]
 [ 0.13751578]
 [ 0.01154147]
 [-0.46061735]
 [-0.41339547]
 [ 0.15134283]
 [-0.35317233]
 [-0.07859417]
 [ 0.29224288]
 [-0.26397329]
 [-0.12600444]
 [ 0.45286584]
 [ 0.19212048]
 [ 0.23386775]
 [ 0.16985378]
 [-0.24757368]
 [-0.32275575]
 [ 0.27667588]
 [ 0.20462072]
 [ 0.1054267 ]
 [-0.07430938]
 [ 0.14410168]
 [-0.16516592]
 [ 0.12780934]
 [-0.14020096]
 [ 0.13286964]
 [ 0.37964337]
 [ 0.00886889]
 [-0.32019461]
 [ 0.47642964]
 [ 0.34200918]
 [ 0.49400155]
 [-0.22695253]
 [-0.36494587]
 [ 0.2322    ]
 [ 0.242415  ]
 [-0.00956326]
 [-0.02651509]
 [-0.31083668]
 [ 0.45118208]
 [ 0.29897497]
 [ 0.10421858]
 [-0.23305553]
 [-0.46506644]
 [-0.08047051]
 [ 0.27535431]
 [ 0.37740888]
 [ 0.03813444]
 [-0.41495414]
 [ 0.10207203]]