[[ 1.00721416e-01 -6.66902069e-02 -5.26741930e-01  2.74007499e-01
   9.98366555e-01 -4.18838079e-01  1.59661008e-01 -4.15531409e-01
  -3.10717220e-01  6.61848348e-01 -5.61749759e-01  2.12181450e-01
  -6.55588532e-01  8.39050944e-01 -4.98061477e-01  9.20549188e-01
  -1.87687534e-01 -4.96142385e-01  3.72152541e-01  2.87831734e-01
   3.00142060e-01 -3.54389924e-02  3.80081823e-01 -7.63531966e-01
  -5.98925313e-01 -3.89187435e-01 -2.34529985e-01 -3.39286484e-01
  -4.60618172e-01  6.86677936e-02 -4.49457850e-01  4.02058499e-01
   7.88183226e-01  3.25763492e-02 -3.43644758e-01  3.75930926e-01
   3.54779459e-01  1.07457788e+00 -7.21859015e-01  8.90908882e-01
   9.40926558e-02 -4.39807075e-01 -1.18693199e-01  4.89196148e-02
  -3.01487111e-02 -4.64103754e-02  7.32636400e-01  8.17115281e-02
  -1.82149552e-01 -4.06745808e-02 -4.35140981e-01  9.00840332e-01
  -6.39742865e-01 -1.87910729e-01  2.49252095e-01 -1.13568972e-01
  -7.17918223e-01 -5.96909895e-01  1.79895211e-02  1.13687484e-01
   5.68319458e-01 -4.31741084e-01 -1.88572479e-01  1.24136798e-01
  -3.51341197e-01  6.20336470e-01 -6.27335366e-01 -1.82172884e-01
  -5.77409920e-01 -8.43557676e-01  1.12927341e+00  9.54042548e-01
   7.02057003e-01 -5.86077527e-01 -4.25176994e-01  3.22423878e-01
  -7.29097199e-01  5.82997824e-01 -3.70417958e-01  5.85726951e-02
  -5.42792943e-01  6.98647989e-01 -1.02760978e-02  7.01873023e-01
   3.46528006e-01 -3.77074601e-01 -2.31420271e-02  5.23902208e-01
  -9.65300339e-03 -6.82220255e-01 -1.29943506e-02  2.45548555e-01
  -1.76527628e-01 -1.92469015e-01 -4.43354628e-01 -1.92471408e-01
   4.24821508e-01 -5.09939910e-01 -8.38738995e-01  2.65454813e-01]
 [ 6.04072566e-01  8.10363801e-01  2.33483580e-01 -2.56213380e-01
  -8.85849875e-01 -2.57947427e-01 -4.22930016e-01  1.92181068e-01
   2.46396906e-01  2.14941042e-01 -4.81287153e-01  7.01579572e-01
   1.75916940e-01 -4.93403405e-01 -3.90716820e-01 -7.14439391e-02
  -3.56472621e-01  2.83484739e-01 -6.12876428e-01 -2.73080237e-01
  -4.95159023e-01  1.14218777e-01 -2.48763531e-01 -1.59910699e-01
   2.78390575e-01  1.35668962e-02 -1.79506261e-01  4.45567451e-01
   2.18849116e-01  1.32178689e-01 -1.49932158e-01  4.76533958e-01
  -6.04306708e-01  3.38041019e-01  6.49078403e-01 -4.81808778e-01
  -4.74131174e-01 -4.82622331e-01 -2.06466572e-01  2.83061641e-01
   8.78737702e-01  2.37651152e-01 -8.79139627e-01  5.94570620e-01
   4.77087972e-01  3.19982116e-01  3.17074946e-01 -3.40864716e-01
   3.73503130e-01 -2.03115823e-01 -9.13807418e-02 -6.82826202e-01
   7.91891744e-01 -2.08385376e-01 -3.50302328e-01  5.18862141e-01
  -3.21487269e-01 -4.79840037e-01  6.33063720e-01  9.61365897e-01
  -2.63920906e-01  6.47203643e-01 -3.83122949e-01  4.66595129e-01
   4.98412424e-01 -5.78398844e-01  8.42676727e-01  8.78698383e-01
  -5.52684250e-01 -2.11963040e-01  4.50407028e-01 -3.50224200e-01
  -2.18007787e-01  5.95414406e-01  5.42542282e-01  7.05431001e-01
   5.14387348e-01 -3.27938694e-01  6.13927146e-01  1.78076325e-01
  -4.07070862e-01  2.23764515e-01  9.00910859e-01 -1.86092173e-01
  -2.81565424e-01 -4.64046427e-02 -4.37579832e-01  4.18293707e-01
   2.89743826e-02 -7.25790006e-01 -2.61584574e-01 -5.64997913e-01
  -5.56901837e-01  2.43116833e-01  4.91762711e-01 -7.01993958e-01
   1.83477338e-02  1.85498535e-02  5.26901825e-01 -5.03117119e-02]
 [ 3.46865337e-01 -4.24690031e-01  5.28271292e-01  4.55250389e-01
   5.56364737e-01  6.56724627e-01 -2.85367377e-01  6.57815890e-01
  -4.75324747e-02  5.54347468e-01 -2.70110386e-01  2.14410352e-01
   8.36899767e-01 -5.27179259e-01 -4.48646561e-01  6.60328427e-03
  -6.50621275e-02 -2.57312767e-01  1.73455312e-01  2.66591541e-01
   2.52486067e-01 -6.39984810e-02  1.97440387e-01 -5.71977896e-01
  -5.86155020e-01  3.69873930e-01  3.21916407e-01  3.18770378e-01
   3.46169325e-01  2.74273997e-01 -9.04367445e-01 -3.85918101e-01
   5.28968174e-01 -2.45018603e-01  2.44555984e-01  3.21554657e-01
   1.55715016e-01  6.79985197e-01  9.83753537e-02  8.02647305e-01
   1.89281698e-01 -3.04926663e-01 -2.57715735e-01 -4.76854192e-01
   5.32625292e-01 -5.45393741e-01  5.01985934e-01 -5.92385952e-02
  -2.93628741e-01 -2.70433268e-01  7.22996592e-01  3.06498727e-01
  -1.68221078e-01  5.66015337e-01 -3.63724719e-01 -7.55325714e-01
  -4.13303934e-01  1.76833866e-01  6.30075888e-01  2.66069129e-01
  -1.90808157e-01 -8.90643967e-01 -4.82856347e-01  4.49713569e-01
  -3.70145564e-01 -5.29632065e-01 -1.21831023e-03 -5.03293305e-02
  -3.86743800e-01 -7.08418044e-02 -4.17515426e-01  6.49938366e-02
  -5.18382577e-01 -9.16281212e-01  4.62417884e-01 -1.43697487e-02
   5.73352340e-01 -6.47619987e-01  2.78551194e-01  1.50457805e-01
  -5.75389060e-02 -3.71821127e-01 -3.51744174e-01 -3.98380390e-01
   4.95989019e-01 -8.50264195e-01 -1.43704360e-01  1.97462499e-01
   5.65527202e-01 -4.41984059e-02 -4.06683972e-01 -5.45730748e-02
   6.57800682e-01 -7.70058547e-01 -9.96055929e-03  5.03832047e-01
   8.55321652e-01 -1.45571764e-01  3.82080509e-01 -1.49966303e+00]
 [ 1.43223375e-01  2.12215075e-01 -4.02655293e-01 -2.14706804e-01
  -1.05410732e+00  1.12455446e-01 -8.34965145e-01 -1.89320817e-02
   1.84969770e-01 -8.34296817e-02 -8.86817114e-01  3.14759824e-01
  -2.33647191e-01 -6.23777965e-01 -1.58873540e-01 -9.34803928e-01
  -1.86458096e-01  1.11152155e-01  3.81330021e-01 -1.87794511e-01
  -1.48816489e-01 -2.27754562e-01 -1.50823238e-01 -5.93444084e-01
   2.59156278e-01 -7.24035357e-01  4.56353485e-01 -2.29646953e-01
   6.77279402e-02  3.50781194e-01  3.75179995e-01 -5.85813129e-02
   1.24701667e-01  5.39473206e-01  5.81054732e-01  1.19207077e-01
   2.68087420e-01 -1.19174290e-01  7.52944376e-01  3.81190158e-01
   1.25272259e-01  1.31263257e-02  2.53043844e-01 -4.79418412e-01
   1.78015572e-01  2.45746016e-01  5.67250860e-01 -4.62224800e-01
  -6.36656950e-02 -1.53331307e-01  2.50933126e-02  7.33280516e-01
   2.09682607e-01  1.03940410e-01  3.54819135e-01 -8.52923762e-02
  -5.96103036e-02  4.60742160e-01 -5.11776273e-01 -4.82632638e-01
   1.89551411e-01 -5.69444373e-01  7.79234354e-01  1.79381164e-02
   5.48905588e-01  5.87082915e-01 -1.75856661e-01  1.23928809e-01
  -2.40722395e-01  7.74862736e-01 -5.66524467e-02 -7.27869938e-01
  -6.05937964e-01 -1.58423696e-01  2.33148672e-02 -2.77786147e-01
   4.27604323e-01 -6.14877395e-01 -7.34944213e-01  5.35109302e-01
  -9.23369801e-02  5.28034146e-01 -5.40331432e-01  7.46782140e-02
   1.10250435e+00  8.74110395e-02  2.34099651e-01 -2.45492991e-01
  -2.88753091e-02 -5.96038748e-01  3.02981456e-01  4.37827815e-01
   7.29968532e-01 -5.87616884e-01  1.92640477e-01 -9.30779800e-01
   7.18635789e-01  2.13880089e-01  9.72477180e-01 -6.57727674e-02]
 [-2.81256623e-01  1.51394634e-01  5.14099243e-01  7.62189360e-01
   3.46211240e-01 -3.95435639e-01  1.28211725e-01 -2.97260096e-01
   3.57481436e-01 -7.37439971e-01  9.45700933e-01  6.58193931e-01
  -5.19709982e-01 -3.99222099e-01 -1.24707828e-01  6.89596044e-01
  -2.71724219e-01  4.46073912e-01  5.95048893e-01  1.00845981e-01
   3.94193893e-01  2.84041043e-01  2.56879672e-01  1.03533509e+00
  -5.18590622e-01 -5.41681068e-01 -5.07005467e-01 -5.21931627e-02
   4.06313264e-01  3.88184319e-01  9.30470353e-01  3.74221267e-02
   1.65029714e-01 -1.88836005e-01 -6.25998339e-01 -5.47391081e-01
   6.48842448e-02  5.61782781e-02 -1.62456814e-01 -2.01257858e-01
   4.42473564e-01 -1.00857751e-01 -2.57758662e-01 -2.70407615e-01
  -6.57428604e-02  6.66137436e-03 -1.18499144e+00  6.98964601e-01
   4.11971641e-01 -4.76231699e-02  6.85793680e-01 -6.39627433e-01
  -5.93460958e-01 -2.89544395e-03 -4.77710487e-01  1.42593218e-01
   3.22503805e-01  4.73247948e-01 -2.56942643e-01 -2.50557231e-01
   5.48662974e-01 -1.05389393e-01 -4.36926677e-02 -6.40992454e-01
  -2.05130002e-01 -2.29009935e-01 -5.53138862e-02 -1.83364057e-01
   7.07964308e-01  1.44058598e-01 -7.47726006e-01 -3.76617597e-01
   6.16077553e-01  3.17266058e-01 -9.01425340e-01 -7.26796512e-01
  -2.44840013e-01  8.48207116e-01 -1.73762660e-01 -1.87325954e-01
   1.64180356e-01 -1.05754548e+00  4.86732261e-01 -2.94636166e-01
  -2.39574598e-01  1.90976687e-01  4.02565004e-01  8.63112963e-02
  -3.55315015e-01  3.69584958e-01 -2.53520930e-01  3.10440365e-01
  -8.10705051e-01 -2.47967621e-01 -5.73655876e-01 -2.42717530e-01
  -2.57869895e-01 -2.97472290e-02  7.37479983e-01  8.75062753e-02]
 [-2.43455992e-01 -1.93994935e-01 -8.53518940e-01  1.58145108e-01
  -7.63445574e-01 -5.98548533e-01  3.72024048e-01  2.05780988e-01
   3.97319604e-01  3.26444763e-01 -4.28441878e-02 -6.14548446e-02
   8.10619479e-02  7.16250884e-01  1.29142865e-01 -2.08968374e-01
   9.46846193e-01 -1.09819493e-03  4.68879339e-01  4.07096899e-01
  -6.51952999e-01 -8.19405952e-02 -7.79604583e-02  5.81434230e-01
   4.53470392e-01  6.73505908e-01 -2.89018208e-01  1.80559045e-02
  -6.37428268e-03 -2.03719802e-01 -2.91302267e-01 -4.31358150e-01
  -6.21576135e-01  1.82419421e-01  3.24740135e-01  4.74253677e-01
   6.99753826e-01 -1.96020343e-01 -7.00002579e-01  5.42617306e-01
   4.45980377e-01 -3.46743354e-01 -7.14037858e-02  4.81175310e-01
  -3.24804058e-02 -7.97225877e-01 -1.53692501e-01 -9.63576627e-02
  -2.57548577e-01  6.57805107e-01 -4.34288226e-01  3.88139831e-01
   1.91197112e-01 -5.27184926e-01  5.70840155e-02  6.50625403e-01
   1.77365374e-01  2.18353929e-01 -2.46715661e-01 -4.82224680e-01
  -8.17942528e-02  1.43601443e+00  4.61752112e-01 -2.96698751e-01
   5.36340416e-02  1.06258355e-01 -6.18645567e-02 -5.23014872e-01
  -1.06060130e+00  4.57072341e-01 -5.47675364e-01  4.78831963e-01
   2.95109345e-01  1.87072176e-01 -5.34974063e-01  3.19532160e-01
  -6.60432780e-01 -5.47648760e-03 -6.24484258e-01 -5.72766816e-01
   1.22261413e-01  3.89753229e-01  2.39659298e-01  4.95154399e-01
   6.60815099e-01  7.08083265e-01  8.56953714e-01  3.07416622e-02
  -2.77407293e-01  2.11974797e-01  2.68504245e-01  1.47292751e-01
  -6.21232171e-01  6.65613191e-01  2.92968988e-01  4.89559574e-01
   2.95605882e-01 -8.30310588e-01 -5.07415727e-01  2.34943849e-01]
 [ 2.73460737e-01 -1.15540866e-01  2.19930017e-01 -4.76962271e-01
   6.53820576e-01 -6.29524673e-01  1.35402594e-03  5.35907991e-01
  -6.50934436e-01 -6.64948975e-02 -3.53985963e-01 -6.71772623e-01
  -3.20367302e-01  5.14600191e-01 -3.30685636e-01 -2.13029752e-01
   2.46273497e-01  1.31983546e-01  6.71082011e-01  7.88063652e-02
   3.78762257e-01  1.65294600e-02 -7.22856955e-01  4.91006194e-02
  -9.69179140e-01  5.49867154e-01  1.20143964e-01  3.91378464e-03
   9.35160252e-01  5.01218869e-01  4.61315642e-01  3.79234350e-01
   4.76007805e-01  4.76946014e-01 -3.29425038e-01  5.39765542e-01
   4.72630539e-02  8.08675056e-01  4.78301270e-01  7.09201477e-01
  -6.77275919e-02  9.69465296e-03 -5.38413840e-01  3.42616971e-01
  -3.93208520e-01 -3.60481384e-01 -1.14721037e+00  1.88202937e-01
   4.91501465e-01  4.03397630e-02 -1.15874999e-01 -6.50992341e-01
  -7.35867957e-01 -1.38618512e-01  6.69207444e-01 -1.51128064e-01
   5.14418267e-02 -1.24545185e-01 -3.32175132e-01  3.07130197e-02
  -5.11741472e-01  7.80121054e-02  4.14909248e-01  1.30277235e-01
  -4.45326175e-01 -3.58841411e-01  8.54023266e-01  2.75256554e-01
   3.63716064e-01 -5.41239961e-01  8.51709418e-02  4.19667993e-01
  -5.15266734e-01  1.92742172e-01 -2.94402567e-01  7.98805025e-01
  -1.13103364e-01  8.99277300e-01  7.24814259e-01  2.15743956e-01
  -8.35867737e-01 -9.33564452e-01  2.08738901e-01 -2.19179446e-01
  -5.66175437e-01 -5.77814407e-01  2.00345352e-01  4.88730421e-01
  -4.29676191e-01 -4.27599557e-01  2.93827818e-01 -1.90188352e-02
  -1.64949925e-01  5.43589199e-01  2.18857549e-01  2.82725522e-01
  -9.70562086e-01  1.27441107e-01  4.09340808e-01 -7.10494302e-01]
 [-5.04814842e-01  3.25560335e-01 -6.36587780e-01 -3.52200816e-01
   8.26542459e-01  8.25773643e-01  6.62714980e-01 -8.17150278e-01
   5.16139511e-01  4.66678360e-01  8.53583757e-01 -1.18106288e-01
   5.37456187e-01 -2.79749037e-01  2.65185710e-01  3.44740890e-02
  -4.85506012e-01  6.42319698e-01  1.26620402e-01 -4.62196337e-01
  -4.60622585e-01  3.59256784e-01  7.09907851e-01 -1.04696405e+00
   6.47711978e-01 -3.12849352e-01  3.51109211e-01 -5.66709598e-01
  -5.85325676e-01  1.06508876e-01  5.17345375e-01 -3.38566008e-01
   1.13091496e-01 -4.37973438e-01  7.89874485e-01 -4.42096370e-01
  -1.56202580e-01 -5.75900134e-02 -7.15794671e-02 -4.36399159e-01
  -4.08122063e-01  3.27631756e-01  8.75640259e-01  5.33290751e-01
   6.04028034e-01  5.82695642e-01  5.00837202e-01  5.58855106e-01
  -5.43620166e-01 -3.26199173e-01 -8.61289717e-02  4.12471368e-01
   3.75369039e-01  3.63802274e-01  4.24922707e-01 -3.60426874e-01
   4.03488502e-01  5.56962103e-02 -6.18994072e-01  4.30086628e-01
  -4.12697927e-01 -2.99399477e-02 -3.72262375e-01  7.10974447e-01
   9.53587348e-02 -6.95679413e-02 -2.06524054e-01  5.85958665e-01
   8.76404294e-01 -3.50996434e-01  3.37082913e-01 -5.60929765e-01
   2.82053076e-01 -1.66733939e-01  4.18469432e-01 -3.76425941e-01
  -4.97235454e-02 -3.41464972e-01 -5.77499799e-01 -8.51645965e-02
  -1.23353479e-01 -7.17819535e-01  2.46710183e-01 -1.66605898e-01
  -4.40224947e-01  4.63426587e-01 -2.99972578e-01  3.42865562e-02
   2.02358777e-01  2.48248360e-01 -2.64361208e-01  1.94933768e-01
   2.79421926e-01  3.92084701e-02  4.58449593e-01 -1.57903048e-01
  -2.92976780e-01  4.09047359e-01 -3.37819477e-01  4.05375381e-01]
 [ 8.63180121e-01 -1.31042036e-01  7.03403589e-03 -6.63787798e-01
  -2.61931133e-01 -1.63584421e-01 -5.65587812e-01 -5.60360359e-02
  -1.71703020e-01 -4.03753806e-01  3.55753677e-01 -4.65040152e-01
  -1.91348282e-01  6.13412510e-01  1.46231518e-02 -6.99857933e-01
  -3.06763743e-01 -7.45027337e-02  1.92453034e-01 -1.73628820e-01
   4.16314946e-01  2.24383336e-01  5.05432584e-01  1.51530950e-04
  -5.63418824e-01  6.10946435e-01  6.95404847e-02 -2.03612826e-02
  -2.64194637e-02 -3.57274574e-01 -7.59858557e-01 -3.75705695e-01
  -1.19439030e-01 -7.87825975e-02 -3.70881229e-01 -2.75248682e-01
   3.01517272e-01 -6.89457921e-01 -5.58850864e-01 -1.91365995e-01
  -8.66789457e-01  1.17995931e-01  1.20833856e-01 -2.96578885e-01
  -8.04334636e-01  5.54280243e-01 -1.11858230e-01 -4.66183903e-01
   2.39738840e-01  3.34815454e-01 -4.92106356e-01 -9.40441679e-02
   6.17467146e-01 -7.59393526e-01 -6.27457215e-01  2.04131492e-01
  -8.28357699e-01  4.88379850e-01  6.33958948e-01 -3.33253990e-02
   8.62877706e-01 -3.27330013e-01 -3.57439869e-01 -4.65083615e-01
  -4.00809776e-01 -6.22947367e-01 -8.67309516e-01 -2.99575512e-01
  -2.34450005e-01  6.79155281e-01 -1.04016556e+00  2.34882972e-01
  -6.12648924e-02  2.16228805e-01  1.59213739e-01 -6.36334564e-01
  -3.04939162e-01 -1.24260898e-01  1.07623762e-01  7.31454001e-01
   5.55115746e-01  7.88408554e-01 -3.03323495e-01  2.86067069e-01
  -1.32692214e+00 -5.22196047e-01  2.76798670e-01  4.57982403e-01
   7.53089394e-02  6.99351186e-01 -1.74493774e-01 -8.17033984e-01
   9.57013218e-01  8.90980088e-02  2.95498421e-01 -2.83663231e-02
   2.26599588e-01  7.11026914e-01 -1.78642603e-01  8.06550033e-01]
 [-1.52427112e-01  6.25845289e-01  6.00831572e-01  8.16116729e-01
  -1.42947952e-01  3.87003383e-01 -2.97801205e-01 -6.96740150e-01
  -6.54163651e-01 -1.07819748e+00  9.16584993e-01 -3.24907562e-01
   3.12183007e-01  2.20443701e-01 -7.60793558e-02  7.59686099e-02
  -2.24899200e-01 -9.03370435e-03 -3.57838869e-01  1.63585757e-01
   2.39293464e-01  2.27075870e-02  6.70093135e-01  1.49811851e-01
   3.09670677e-01 -6.52478995e-01 -2.00625488e-01 -4.01560438e-02
  -1.17303049e+00  3.63628449e-01 -9.61965793e-01  2.00612938e-01
  -4.28878827e-02  3.84601611e-02  6.83817317e-02 -3.34898634e-01
  -6.85918782e-01 -9.30204493e-01  2.14776503e-02 -7.28223239e-01
  -4.86755087e-01  7.52372938e-02  1.21611345e+00 -4.39522846e-01
   1.94643693e-01  9.43857478e-01  9.83823070e-02  2.93552315e-01
  -1.67181880e-01  6.84136029e-02  4.39050218e-01 -5.13999012e-01
   1.90370734e-01  2.22268469e-01  3.50582995e-01 -4.82318003e-02
   1.97403166e-01  4.51200470e-01 -5.79610377e-01 -6.14430519e-01
  -6.54273385e-02  5.48399040e-01 -2.88258649e-01 -2.09718328e-02
  -5.36502311e-01  1.09461548e+00  1.50445011e-01 -3.63875761e-01
   5.54466610e-02 -1.39610835e-01 -4.81917156e-01  6.53749939e-01
  -9.56377843e-01  6.09743929e-01 -2.01363443e-01 -1.58893680e-01
   4.49421408e-01  5.65083309e-01  5.25234668e-01  3.82993347e-01
   3.18505847e-01  1.75406556e-01 -3.47877683e-02 -2.17523485e-01
   3.00938051e-02  5.35369689e-01 -4.47118193e-01  1.13302172e-01
  -8.49259201e-02 -4.20876996e-02 -7.59821508e-02  1.49326934e-01
  -3.48264282e-01  7.61522316e-01 -3.68175750e-02 -6.68835342e-01
  -2.02058536e-01  7.60204866e-02 -8.94211770e-01  4.17669076e-01]]