[[ 4.04844440e-01  3.61148460e-01 -1.69290716e-01  2.73095379e-01
   4.68530905e-01 -3.10499758e-01  1.20467152e-01 -1.08072018e-02
  -6.48663035e-02  3.84568447e-01 -3.53602611e-01  2.09969267e-01
  -3.26585452e-01  4.35637691e-01 -4.58207558e-01  1.65163062e-01
  -4.08769269e-01 -4.46021228e-01  3.03854473e-01  2.76925057e-01
   2.76402381e-01  1.30054856e-02  3.69325259e-01 -2.55232518e-01
  -3.92071888e-01 -3.80244149e-01 -2.64727310e-01 -1.10916019e-01
   7.94357224e-02  1.48837111e-01 -3.23029130e-01  4.89858895e-01
   2.57046438e-01  2.71176204e-01 -1.59591079e-01 -2.92441813e-01
   1.03694456e-01  4.07815283e-01 -3.56803832e-01  3.00779964e-01
   3.39661569e-01 -4.42699838e-01  4.36286976e-02  1.72016849e-01
   2.45081169e-01  3.16180428e-01  2.91171619e-01  2.43632743e-01
  -1.86997122e-01  2.59676955e-01 -3.56407326e-01  4.38146808e-01
  -4.02293581e-01  2.83518100e-02  1.38062627e-01 -1.59722126e-01
  -4.14620789e-01 -3.13024260e-01 -3.96510133e-01  3.20569299e-01
   4.76940459e-01 -1.66340760e-01 -3.74447741e-01  3.43619370e-01
  -3.46471985e-01  3.51873361e-01 -3.18473440e-01  1.53709876e-01
  -3.03462005e-01 -4.16124422e-01  4.32537848e-01  4.26996331e-01
   2.08722364e-01 -3.28943773e-01 -3.03619240e-01  1.95068792e-01
  -4.05520612e-01  1.69497857e-01 -1.41347439e-01  1.02168079e-01
  -2.41411884e-01  4.11131125e-01 -1.59738137e-01  2.87583539e-01
   4.73180949e-01 -3.51470444e-01 -1.37789342e-01  3.46993653e-01
  -2.25750363e-01 -4.78635328e-01  1.22836160e-01 -1.13975056e-01
  -3.61347365e-01 -8.27269135e-02 -1.33864440e-01 -1.10883422e-01
   2.30540440e-01 -3.39025019e-01 -3.57566136e-01  1.78895841e-01]
 [ 4.93642152e-01  1.70094356e-01  2.00956840e-01  7.10067791e-03
  -2.03751235e-01 -2.99126152e-01 -2.95242340e-01 -1.08155233e-01
   3.70236179e-01  2.90808893e-01 -6.46701114e-02  4.68879565e-01
   2.29265905e-01 -3.85468629e-01 -3.81267451e-01 -1.59453162e-01
  -2.43209546e-01  1.76330690e-01 -4.22636759e-01 -4.60636446e-01
  -3.56850910e-01 -8.76929386e-02 -1.88322734e-01 -1.85519630e-01
  -7.17540525e-02 -9.30616202e-02 -3.72928389e-01  3.76812390e-01
   2.28767805e-01  2.86330631e-02 -2.41657448e-01  2.85786777e-01
  -4.88065869e-01  3.44014398e-01  1.81403466e-01 -4.38918834e-01
  -4.39555391e-01 -2.16101131e-01 -3.54241276e-02  4.27232808e-01
   4.92991326e-01  1.96595167e-01 -3.21855518e-01  2.57300984e-01
   1.66461933e-01  4.90672567e-01  2.41861800e-01 -1.72329560e-01
   3.98659929e-01 -2.51443547e-02  4.68116532e-04 -3.11817196e-01
   1.92637561e-01 -8.75467000e-02 -5.64318503e-02  2.45208693e-02
  -4.90262169e-01 -2.54829993e-01  2.67004716e-01  3.25364500e-01
   5.96367868e-02  4.79883159e-01 -2.53466958e-01  4.69177677e-01
   4.91824561e-01 -1.83476419e-01  4.89838688e-01  4.49137528e-01
  -1.97615669e-01 -4.35983822e-01  1.58027767e-01 -3.26930783e-01
   7.56067550e-03  2.51977487e-01  4.97542286e-01  4.30319537e-01
   2.79369387e-01  3.75220393e-02  2.06168669e-01 -7.06421488e-03
  -3.03983388e-01  4.46588260e-01  4.62848142e-01 -2.10817250e-01
  -2.52002024e-01 -1.75051918e-01 -3.68300899e-01  2.58356191e-01
  -4.15490164e-01 -3.17313882e-01 -5.86339780e-02 -3.80298507e-01
  -4.25204676e-01  4.02211520e-01  1.39940157e-01 -3.61672394e-01
  -1.42746409e-01 -1.33220075e-01  3.32501900e-01  4.06652092e-02]
 [ 2.10495372e-01 -3.35934307e-01  3.06159681e-01  4.49711137e-01
   3.91664064e-01  3.63682192e-01 -1.43218564e-01  8.84335221e-02
   1.86318118e-01  2.24032183e-01  1.16175802e-01  4.81927676e-01
   4.99574552e-01 -4.53996048e-01 -3.47705681e-01  2.91326506e-01
  -1.74229551e-01  6.79779666e-03  4.86295165e-01  2.37167426e-02
   2.25205215e-02  1.80589200e-02  2.58087502e-01  6.99784468e-02
  -2.53312686e-01 -1.58456718e-01  4.53563204e-01  2.39209862e-01
   8.41481987e-02  2.82543901e-01 -4.61598521e-01 -4.60551571e-01
   3.36567917e-01 -4.88321687e-01 -1.05656962e-01  1.44253884e-01
   4.36554796e-02 -8.24803278e-02 -3.55867697e-01  3.72084077e-01
   8.49414901e-02 -2.06490216e-01 -1.71490002e-02 -2.63256314e-01
   2.21795498e-01 -2.58108464e-01  4.71273775e-01  2.30308922e-01
  -3.50262158e-02  1.73711900e-02  4.23973306e-01  1.51699800e-01
   1.19747992e-01  1.36432020e-01  8.45707782e-02 -3.67311454e-01
  -4.89927459e-02 -3.16873662e-02  2.33138510e-01 -9.23831582e-02
  -1.11384174e-01 -3.29167615e-01  4.05744945e-01  1.87391163e-01
  -4.56898358e-01 -3.14045514e-01 -3.93014869e-01  7.37836688e-02
  -1.65979251e-01  2.09966650e-01 -4.32784909e-01 -2.37405670e-01
  -1.03398056e-01 -3.53118890e-01 -7.91725774e-02 -3.53667020e-02
   1.67060664e-01 -2.47869047e-01  7.70792810e-02  2.08085350e-01
   3.51542611e-01 -3.60637304e-01 -2.10625205e-01 -3.90656070e-01
   2.70457520e-01 -4.84373006e-02 -1.26268392e-01  2.21443689e-01
   3.79761767e-01 -1.01114689e-01 -2.86629207e-01  1.92309363e-01
   4.47722425e-01 -1.62149541e-01 -4.24448193e-01 -1.59716027e-01
   3.53713223e-01 -3.56755999e-01  3.60012800e-01 -4.72741914e-01]
 [ 1.37568403e-01  1.01945727e-01  5.40412401e-02  7.80505751e-02
  -4.64642548e-01  1.96154985e-02 -4.44019228e-01 -1.55653007e-01
  -1.39781406e-01  8.06195121e-02 -4.41233866e-01  2.12218219e-01
  -2.40752323e-01  1.26934519e-01 -1.27046579e-01 -3.91658314e-01
  -1.04927349e-01 -1.39165396e-01  4.82771109e-01 -3.01871964e-01
  -3.54594391e-01 -2.94449124e-01 -8.65761162e-02 -4.54282459e-01
  -1.60372504e-01 -4.34498891e-01  4.34814172e-01 -3.81477175e-01
   5.90638705e-02  1.14371815e-01  4.73094915e-01 -3.39041268e-01
   2.10518024e-02  3.38856622e-01  2.87523627e-01  2.54272632e-01
   3.26596072e-01  1.72027837e-01  4.89179738e-01  2.64276061e-01
  -1.26475708e-01 -2.87832005e-01  6.48837245e-02 -1.97968445e-01
   3.49954266e-01 -2.71705893e-02  1.18293240e-01 -1.84068434e-01
   1.29089732e-01 -9.53114268e-02  4.08758332e-01  4.54245203e-01
  -1.54652612e-01 -1.67324425e-01 -4.51450747e-02  2.75760913e-01
  -3.30236350e-01  1.05236478e-01  1.75390170e-01 -2.13166315e-01
   1.09887544e-01 -4.98442059e-01  3.31154167e-01  2.59835963e-01
   1.17613898e-01  1.37829716e-01  4.29551917e-02 -1.41868596e-01
   1.44183799e-01  4.21259794e-01 -2.82223984e-01 -2.19666007e-01
  -1.58575956e-01  1.63086519e-01 -1.27812414e-01 -1.22251124e-01
   5.14301954e-03 -3.26262839e-02 -3.43286981e-01  4.25333359e-01
  -4.83139045e-01 -5.59027097e-02 -1.97951244e-01  3.33746314e-01
   3.73038319e-01  1.17836302e-01  3.18696463e-01 -1.69868735e-02
  -3.11364797e-01 -4.92358596e-01  7.80730758e-02 -2.18389806e-02
   3.55575810e-01 -2.23421598e-01  3.53269639e-01 -4.31289705e-01
   4.03240207e-01  2.99356819e-01  4.97976699e-01  2.73955756e-02]
 [-4.04326629e-01  2.96472675e-01  6.55957716e-02  1.35090705e-02
   2.11690156e-01 -2.98547276e-01  2.08751100e-01  3.92895356e-02
  -1.47945079e-02 -3.16155549e-01  2.58006586e-01  4.48420139e-01
  -3.94314187e-01 -1.01877910e-01  5.09910691e-02  4.00787754e-01
   5.98959056e-02  1.54686779e-01  4.23391632e-01  1.28949615e-01
   2.34677770e-01  2.76211715e-01  2.72023915e-01  1.69510478e-01
  -2.33574198e-01 -3.93101799e-01 -3.34423846e-01 -3.30285568e-01
   7.75033670e-02  1.13579867e-01  1.71281277e-01  1.35171704e-01
   4.37841607e-01  7.39270092e-02 -1.98523815e-01 -3.52877037e-02
   2.00122670e-01  4.22093107e-01 -2.36040769e-01 -3.88132944e-02
   4.28611338e-01 -1.74805642e-01 -1.95246343e-01  6.29955560e-03
  -1.78368672e-01 -1.36623811e-01 -4.39958762e-01  1.56625826e-01
  -3.50724072e-02 -4.33077915e-01  1.86678559e-01 -2.98866540e-01
   8.02571206e-02 -2.48286187e-02  6.51288174e-02  3.20270221e-01
   3.56963581e-03  4.47846965e-01 -3.11791721e-02 -2.70048213e-01
   3.76421674e-01 -3.00237746e-01 -1.28941370e-01 -3.09009279e-01
  -9.37113834e-02 -1.58685456e-01  2.48091603e-02  2.62277380e-01
  -3.32250379e-02  3.40230510e-03 -2.77767047e-01 -3.26866049e-01
   9.43454528e-02 -2.00682566e-01 -3.24869334e-01 -2.69011994e-01
  -3.57212831e-01  4.22383707e-01 -2.50219533e-01 -2.46447106e-01
   3.06719354e-02 -1.79175482e-01  4.22062923e-01 -2.33318563e-01
  -2.20409518e-01 -4.64614305e-02  1.61810137e-01  2.47483991e-01
  -1.82457346e-01  3.52745580e-01 -4.77514058e-01  3.59405855e-01
  -2.54900638e-01 -1.78562766e-01 -3.78076615e-01 -1.36346473e-02
   2.22229248e-01  7.11262733e-02  4.69601941e-01 -5.39641909e-02]
 [-5.14440201e-02 -1.17454793e-01 -4.63030673e-01  7.94044064e-02
  -3.25266643e-01 -4.91824541e-01  4.31734815e-01  6.56480600e-02
  -8.47497736e-02 -8.38619882e-02 -1.68076680e-01  1.39429933e-01
  -1.73577499e-01  4.73089709e-01  2.13462945e-01 -3.30148742e-01
   3.81383777e-01  3.10576146e-01  4.81888321e-01  4.48363572e-01
  -2.70619849e-01 -1.34112032e-01  7.65935685e-02 -2.94458511e-01
  -6.52092427e-03  4.27291009e-01 -1.67763989e-01  1.96087768e-02
  -2.08772612e-01  6.59004048e-03 -4.32183116e-01 -3.85113382e-01
  -4.85895988e-01 -5.91574907e-02  4.07936438e-01  3.30150023e-01
   3.70469655e-01 -3.11493035e-01 -4.72591195e-01  3.52384307e-01
   9.27142313e-02 -4.54623122e-01  1.79007860e-01 -8.95379538e-02
   2.26100952e-01 -4.49034851e-01  1.02828378e-01  9.29988365e-02
  -3.13292481e-01  4.48783423e-01 -3.28026784e-01 -3.78494664e-01
   2.81809112e-01 -5.28022561e-04 -6.21335198e-02  2.01764805e-01
   2.76233644e-02  2.11201871e-01 -4.35191170e-01 -2.88896890e-01
  -7.16841255e-02  2.65567093e-01  7.86397082e-03 -4.77614227e-01
  -6.42712802e-02  1.01140310e-01  2.79105199e-01 -2.95844474e-01
  -4.09147931e-01  4.04193156e-01 -2.08984182e-01  4.18248081e-01
   3.35812995e-02  2.95325726e-01 -2.90096807e-01 -6.99439680e-02
  -3.34821859e-01  3.03735710e-01 -2.73840103e-01 -1.82378520e-01
   3.03947737e-01 -8.96975395e-02  2.10380844e-02  4.67309632e-01
   3.21750815e-01  3.44581276e-01  2.64269086e-01 -9.80059463e-02
   4.66687997e-02 -1.18395612e-01  2.39144861e-01  4.49655568e-01
  -4.65989255e-01  2.63939617e-01  2.63366665e-01 -1.22502131e-01
  -9.78189336e-02 -1.51915498e-01  2.24108476e-02  5.81699241e-03]
 [ 1.48774786e-01  1.24336048e-01  8.10703056e-02 -2.90751129e-01
   2.78645791e-01 -3.18427183e-01 -6.40068977e-02  3.15660245e-01
  -3.96019565e-01 -2.21229166e-01 -1.73249937e-02 -2.74747858e-01
  -1.46113859e-01 -6.77636695e-02 -3.51117449e-01 -2.98802853e-01
   1.44483718e-01  2.33372877e-01  2.71328431e-01  1.07757140e-01
   1.20436657e-01  4.15617600e-02 -2.18590372e-01  3.06501655e-01
  -4.69756899e-01  4.83725518e-01  3.29339340e-01  3.27148462e-02
   3.25238014e-02  4.53739841e-01  3.19830309e-01  4.10583036e-01
   3.13038716e-01  6.36135461e-02  1.13759997e-02 -6.88352403e-02
   6.73776505e-02  3.59802815e-01  3.61345383e-01  3.77912921e-01
  -2.42634011e-01  8.93178436e-02 -3.27628263e-01  2.45099841e-01
  -4.03112147e-01 -3.28962409e-01 -4.53533538e-01  3.41303434e-02
   1.79921533e-01 -1.20191638e-01 -4.33021914e-01 -3.07203589e-01
  -9.30601590e-02 -2.57388638e-01  4.29348218e-01 -2.14740375e-01
   2.78506749e-01 -4.14052134e-03 -3.83356100e-01 -1.02635477e-01
  -3.68187086e-01  1.25191836e-01  3.79764420e-01 -2.63594191e-02
  -1.99655400e-01  2.15677559e-01  1.90454935e-01  2.56653913e-01
   4.11331212e-01 -1.86056999e-01 -1.38701337e-01  2.51322187e-01
  -4.60400109e-01 -1.46315793e-01 -4.28438805e-01  3.39905799e-01
   3.82505760e-01  4.26562154e-01  1.72937270e-01  6.23931347e-02
  -4.77943725e-01 -4.60973322e-01  3.67242492e-01 -4.15658461e-01
  -4.94140556e-01 -7.07245021e-03  5.34994246e-02  3.52353028e-01
   1.05784360e-01 -4.67253943e-01  3.50103008e-01  1.36850428e-01
  -6.50169070e-02  3.06072738e-01  9.31277661e-02 -8.66394705e-02
  -4.20721111e-01  4.17704856e-02  1.83836559e-01 -3.53197752e-01]
 [-2.23429894e-01  7.57914212e-02 -3.88512139e-01 -4.74505682e-01
   1.48517596e-01  4.89554134e-01 -3.29173408e-01 -1.71745456e-01
   4.01796420e-01 -7.45580417e-02  4.45899336e-01 -3.48713229e-01
   4.46555176e-01 -6.15381720e-02 -2.62597082e-02 -1.45270472e-01
  -1.22349822e-01  3.93078136e-01  9.10241227e-02 -3.93547702e-01
  -5.49085876e-02  1.41560589e-01  4.82269576e-01 -3.92685177e-01
  -9.49162942e-03 -3.47285220e-01 -6.24545947e-02 -3.38829872e-03
  -2.06319665e-01  1.36582463e-01 -6.02199842e-03 -3.30265659e-01
   3.13734117e-01 -2.94365229e-01  3.24067115e-01 -9.61823664e-02
   2.28811260e-02 -7.08878782e-03  7.64957289e-02  2.20944469e-01
  -3.45400861e-01  2.46461731e-01  3.78121716e-01  3.86185398e-01
   1.51967802e-01  3.51910865e-01 -3.41496300e-02 -9.98483592e-02
  -3.24744735e-01  1.16632356e-01 -1.57636116e-02  4.06294237e-01
  -4.39708088e-02  8.22325590e-02 -1.77021365e-01 -3.03718951e-01
   8.90494330e-02  2.60427263e-01 -1.66134787e-01  3.26487946e-01
  -3.10132451e-01  1.97431460e-01 -3.58595856e-01 -7.15772110e-02
  -2.20769396e-01 -2.72408080e-01  6.30990516e-02 -1.25569766e-01
   1.44364126e-01 -2.36881798e-01  1.92045972e-01  8.31257585e-02
  -3.86835304e-01 -5.80378585e-02  3.25605434e-01 -3.75073470e-01
  -1.92154682e-01 -3.65168229e-01 -3.87874382e-01  3.40330830e-01
  -4.40880693e-01 -2.73829640e-01  1.52501477e-01 -1.45779141e-01
  -3.90719266e-01  2.08501314e-01  2.56793901e-01  7.09366411e-02
   1.51144027e-01  4.59978099e-02 -4.18941717e-01 -4.34129013e-01
   3.53187874e-01  5.64472328e-02  2.45615196e-01  1.43153711e-01
  -3.75405849e-01  1.76656424e-01 -4.38797646e-01  2.97289357e-01]
 [ 3.15115777e-01  3.09518004e-01 -4.59843056e-01 -1.18479514e-01
   3.51594032e-03  9.41412313e-02 -1.66976172e-01 -3.62173553e-01
   1.63628754e-02  2.03106546e-02  3.87773636e-01 -4.39266687e-01
  -1.56010201e-01  2.94635615e-01  2.54917948e-01  1.35766947e-01
  -3.65119920e-01  1.36086799e-02  2.66822683e-01  2.52676311e-01
   2.76661898e-01  4.37737037e-01  3.16068250e-01 -3.64740932e-01
  -1.54628262e-01  4.48192208e-01  3.62277254e-01 -4.48202518e-02
  -7.23412629e-02 -8.40085973e-02 -2.86336164e-01 -1.13154442e-01
   3.97591545e-02  9.28992590e-02 -8.59246512e-02 -2.57214014e-01
   1.42938598e-01 -2.00147100e-01 -3.21548418e-01  1.90068679e-01
  -1.99128125e-01  4.03380942e-01  1.05251527e-01 -2.70370772e-01
  -4.26096188e-01  4.84905850e-01 -1.71194602e-02 -1.14789711e-01
   4.79237643e-01  8.35331921e-02 -1.26236194e-01  5.68506325e-03
   3.26896858e-01 -2.71644083e-01 -3.00873693e-01  2.82175622e-01
  -4.95972213e-01  2.15329193e-01  4.17092023e-01  1.92624102e-01
   4.12743155e-01  2.48659845e-01 -5.77738758e-02 -2.67453672e-01
   7.62101248e-02 -3.53847237e-01 -4.34382655e-01 -3.33952675e-01
  -1.96798599e-01  3.69440468e-01 -4.81517002e-01  2.89920414e-01
   1.67659696e-01  2.25505436e-01  2.13758949e-01 -3.33200668e-02
  -1.63051417e-01  8.56061585e-02  4.27139422e-01  3.42522337e-01
   3.66767485e-01  3.81076468e-01 -1.85506737e-01  3.80823951e-01
  -4.71881365e-01 -3.71136905e-01  4.04403514e-01  2.25303349e-01
   4.00695497e-01  4.53906047e-01 -1.25926393e-01 -2.22275640e-01
   3.15939736e-01  3.37114777e-01  4.68934032e-01 -1.18124777e-01
   3.56440124e-01  3.14447590e-01 -4.31124885e-01  3.90351752e-01]
 [ 1.18328598e-01  2.07503468e-01  4.56998542e-01  4.84703096e-01
  -2.35880318e-01  2.69510184e-01 -4.01002226e-01 -4.10461025e-01
  -4.07245613e-01 -4.49590796e-01  3.11881700e-01 -4.38273367e-01
   2.84814450e-01  3.20773358e-01 -4.46587027e-01 -6.86234371e-02
  -5.86118074e-02  7.36597847e-02 -3.74432921e-01  1.25726047e-01
   3.30916101e-01  2.00122945e-01  2.38552420e-01  8.09332725e-02
   4.63614024e-01  4.49677789e-02 -4.69317699e-01 -2.59504569e-01
  -3.51557414e-01  4.23578306e-01 -4.45952828e-01  2.12458515e-01
   6.26944311e-02  3.14662896e-01  3.25125969e-01  2.09471764e-01
  -2.62432561e-01 -4.00081637e-01 -2.18861473e-01 -4.14489472e-01
  -1.78837192e-01  2.19697405e-01  4.33492159e-01 -2.07977826e-01
   3.06700816e-01  4.59941907e-01 -1.60252311e-01  2.09756203e-01
  -2.82855412e-01 -1.92275177e-01  4.57591042e-01  5.24967717e-05
  -6.86859577e-02 -6.11792336e-03  2.11168704e-01 -5.67610691e-02
   1.92860331e-01  4.86799688e-01 -3.11380136e-01 -2.59164103e-01
   6.87797127e-02  3.32595222e-01 -4.11611323e-01  3.67878277e-01
  -4.16815017e-01  4.95837414e-01 -9.26686075e-02 -3.68168613e-02
  -4.42730989e-01 -2.36276128e-01 -2.50350791e-01  4.31783489e-01
  -3.82600882e-01  4.42154883e-01 -2.34281695e-01 -1.04741331e-01
   4.81311925e-01  3.42830488e-02  2.82285936e-01  3.62206816e-01
  -4.46857968e-03 -9.53154613e-02  1.70416739e-01  2.12119793e-03
   1.72192860e-01 -5.97750674e-02 -2.07868494e-01  4.97642209e-01
  -2.62675213e-01  1.33647245e-01 -6.81919022e-03  6.40423613e-02
   4.56564583e-02 -1.74889115e-01  2.58524892e-01 -3.85641404e-01
   2.86393916e-01  1.17955320e-01 -3.67400347e-01 -1.69253253e-01]]