[[-1.1610118 ]
 [-0.79377794]
 [-0.89420899]
 [-0.52867816]
 [-0.45985075]
 [-1.12206522]
 [-0.88085626]
 [-1.36084093]
 [-1.21476605]
 [-0.90753749]
 [-1.13387955]
 [-0.78982091]
 [-1.39807143]
 [-1.34687571]
 [-0.73001543]
 [-1.23127565]
 [-1.11730476]
 [-0.49186857]
 [-1.39202518]
 [-1.35211559]
 [-0.94471488]
 [-1.18180876]
 [-0.58305111]
 [-0.82000764]
 [-0.74275612]
 [-0.54028142]
 [-1.33965441]
 [-0.91779482]
 [-1.397819  ]
 [-1.0118765 ]
 [-0.4796319 ]
 [-0.56390667]
 [-1.31276423]
 [-0.46771065]
 [-1.15470129]
 [-1.07500934]
 [-0.56410565]
 [-0.85917944]
 [-0.60652026]
 [-0.60502059]
 [-0.90797672]
 [-0.79443317]
 [-0.6807985 ]
 [-1.03961819]
 [-1.41265843]
 [-0.90917202]
 [-0.96615121]
 [-1.21519718]
 [-1.05813222]
 [-0.89819758]
 [-1.20118749]
 [-0.66854599]
 [-0.75428341]
 [-0.67530825]
 [-0.71960558]
 [-1.31880218]
 [-1.4153425 ]
 [-1.18660565]
 [-0.44122178]
 [-1.11840285]
 [-1.25122515]
 [-1.11142943]
 [-0.98526043]
 [-0.83997522]
 [-0.45066838]
 [-0.92134526]
 [-1.23420877]
 [-1.41960458]
 [-0.74345155]
 [-0.55112968]
 [-0.60724896]
 [-0.83189271]
 [-0.51752742]
 [-0.48515735]
 [-0.71771983]
 [-1.27794058]
 [-1.13145987]
 [-0.82793941]
 [-1.01144298]
 [-0.5943929 ]
 [-0.91680156]
 [-0.45693371]
 [-1.40300461]
 [-1.1194948 ]
 [-0.66964993]
 [-1.14692522]
 [-1.03898513]
 [-0.66535484]
 [-1.32555976]
 [-1.11401259]
 [-1.13383114]
 [-0.70754531]
 [-0.80715295]
 [-1.39252522]
 [-0.60156258]
 [-0.506408  ]
 [-1.25648599]
 [-0.94393227]
 [-1.31024162]
 [-0.46741097]]