[[-0.23330065]
 [ 0.13393321]
 [ 0.03350216]
 [ 0.39903299]
 [ 0.46786039]
 [-0.19435407]
 [ 0.04685489]
 [-0.43312978]
 [-0.2870549 ]
 [ 0.02017366]
 [-0.2061684 ]
 [ 0.13789023]
 [-0.47036028]
 [-0.41916456]
 [ 0.19769572]
 [-0.3035645 ]
 [-0.18959361]
 [ 0.43584258]
 [-0.46431403]
 [-0.42440444]
 [-0.01700373]
 [-0.25409761]
 [ 0.34466004]
 [ 0.10770351]
 [ 0.18495503]
 [ 0.38742973]
 [-0.41194326]
 [ 0.00991632]
 [-0.47010785]
 [-0.08416535]
 [ 0.44807925]
 [ 0.36380448]
 [-0.38505308]
 [ 0.4600005 ]
 [-0.22699014]
 [-0.14729819]
 [ 0.3636055 ]
 [ 0.06853171]
 [ 0.32119089]
 [ 0.32269056]
 [ 0.01973443]
 [ 0.13327798]
 [ 0.24691265]
 [-0.11190704]
 [-0.48494728]
 [ 0.01853913]
 [-0.03844006]
 [-0.28748604]
 [-0.13042107]
 [ 0.02951357]
 [-0.27347634]
 [ 0.25916516]
 [ 0.17342774]
 [ 0.2524029 ]
 [ 0.20810557]
 [-0.39109103]
 [-0.48763136]
 [-0.2588945 ]
 [ 0.48648937]
 [-0.1906917 ]
 [-0.323514  ]
 [-0.18371828]
 [-0.05754929]
 [ 0.08773593]
 [ 0.47704276]
 [ 0.00636589]
 [-0.30649763]
 [-0.49189343]
 [ 0.1842596 ]
 [ 0.37658147]
 [ 0.32046218]
 [ 0.09581844]
 [ 0.41018373]
 [ 0.4425538 ]
 [ 0.20999132]
 [-0.35022944]
 [-0.20374873]
 [ 0.09977174]
 [-0.08373183]
 [ 0.33331825]
 [ 0.01090959]
 [ 0.47077744]
 [-0.47529346]
 [-0.19178365]
 [ 0.25806121]
 [-0.21921407]
 [-0.11127399]
 [ 0.26235631]
 [-0.39784861]
 [-0.18630144]
 [-0.20612   ]
 [ 0.22016583]
 [ 0.12055819]
 [-0.46481408]
 [ 0.32614856]
 [ 0.42130315]
 [-0.32877484]
 [-0.01622112]
 [-0.38253048]
 [ 0.46030017]]