[[-9.75454855e-01 -5.63691365e-01  5.09884489e-01  4.71443095e-01
   9.02360884e-01  1.18537468e-01  6.25568805e-01  2.57641988e-01
   7.06645187e-01  5.64914272e-01  1.61413142e-01  6.02559867e-01
  -6.86552443e-01 -4.75763956e-01 -8.59058041e-01  9.53551893e-01
  -3.49045131e-01 -5.00318940e-01  1.57500551e+00 -4.14102965e-01
   1.25694656e+00 -5.46871967e-01  4.15188023e-01 -2.54715833e-01
  -7.58878456e-01 -2.77887916e-01 -7.03532810e-01  1.25680858e-01
  -2.10941747e-03  7.34065709e-01  9.99896345e-01  5.50669542e-01
   2.35929089e-01  1.96499042e-01  1.22058867e-01 -9.53226549e-01
  -5.67667417e-01 -2.97255890e-01  4.41515573e-01 -3.14000194e-01
  -5.81920366e-01  1.12761429e+00 -9.80025142e-01  1.38221216e-04
  -4.12671341e-01  3.99247880e-01  5.14050924e-01  1.26735923e-01
  -3.60664679e-01 -1.53025873e-01 -6.56540292e-01 -1.21920836e+00
  -1.02192174e+00 -1.13892951e+00 -5.77326480e-02 -5.42202291e-01
   3.65652724e-02  3.45306780e-01 -3.36497862e-01 -1.58672286e-01
   7.42403374e-01 -1.72020351e-01  1.01125049e+00 -8.78562897e-02
  -1.32620322e-01  4.71471592e-01  6.73059298e-01 -5.06133986e-01
  -1.73098147e-01  1.14653598e-01  2.32003655e-01  2.07799184e-01
  -8.25874428e-01 -5.71010586e-01 -9.17384863e-01 -8.70011754e-01
  -6.35471602e-01  9.06051697e-02 -4.65066382e-01 -9.64302821e-02
  -8.21785199e-02  8.39608280e-02 -2.25257349e-01  6.94522670e-01
  -3.62223840e-02 -5.45081503e-01  2.63371546e-01 -9.14811535e-01
   5.88955678e-02 -3.12188811e-01  2.60583038e-01  1.87485146e-01
  -5.73198815e-01  3.32867383e-01  1.27833677e+00 -4.72773825e-01
  -7.60068061e-01 -3.73730435e-03 -2.07809520e-01  2.05561132e-01]
 [-4.01322357e-01  9.87936470e-01 -3.62752499e-01 -4.77884179e-01
   1.77152964e-01 -1.27519127e-01 -9.29872299e-01  6.49944202e-01
  -1.18706793e+00 -5.50761772e-01 -7.69246866e-02  2.64049906e-01
   1.25211456e+00 -6.29662506e-01  9.39529764e-01 -3.57472777e-01
   1.40344668e-02 -5.04504582e-01 -4.64403294e-01  4.16473622e-01
   5.33118691e-01  3.93284613e-01 -1.11535831e+00  7.62938366e-01
   3.68803955e-01  3.76570049e-01 -2.78411055e-01  3.95520669e-01
  -3.18076919e-01 -7.30539016e-01 -2.33416387e-01 -5.50803195e-01
   8.82107269e-01  3.98552937e-02 -5.82138681e-01 -3.84681242e-01
   5.12247837e-01  2.04804834e-01 -2.65483275e-01  1.61036736e+00
   5.49198318e-01  6.19690320e-01  7.85815169e-01  6.00726546e-01
   5.35499649e-01  7.67361777e-01 -8.57054477e-01 -6.00861055e-01
  -5.17193053e-01  4.46211030e-01  8.44131654e-01 -6.03561923e-01
   8.85351968e-02 -8.17239686e-01 -5.53210977e-01  7.87543880e-01
   3.31100844e-01 -3.07834998e-01 -2.05725253e-01 -3.45262816e-01
   7.13010941e-02  2.96427429e-01  8.87078466e-02 -4.33874969e-01
  -4.69499394e-01 -5.49334901e-01 -1.53633943e-01  1.50646771e-01
   1.09634434e-01 -4.28259776e-01 -9.94204490e-01 -6.22172310e-01
  -1.96151468e-01  6.57088597e-01  6.70474173e-01 -3.70544485e-01
   6.07146022e-01  6.30912293e-01  1.00376533e+00 -2.07553934e-01
   5.69329611e-01  9.32977683e-02  5.06384913e-01 -6.83304655e-01
   1.85809690e-01 -6.67678549e-01  8.78550564e-01  2.55962747e-01
   7.52150399e-01  2.18415334e-01 -7.87722909e-01  8.41457271e-01
   5.23232554e-01  1.22619448e-01 -1.12200457e-01  6.00633497e-01
   6.98371412e-01  3.88281689e-01  1.30506235e+00  3.61361007e-01]
 [ 2.68510512e-02 -1.14458280e+00 -1.21758823e-01 -4.62618669e-01
  -2.92327962e-01 -7.84479893e-01  5.37936924e-01 -3.58362718e-01
   4.98978784e-01  1.42256539e+00  1.85761543e-01  1.55926287e-01
  -1.90738138e-01  3.53214118e-01 -6.84041991e-01 -2.65836915e-01
   1.09845289e+00  2.34352251e-02  2.18788855e-01 -3.31079962e-01
   7.47835850e-01  2.54291815e-01 -1.01870314e+00  3.89754318e-02
  -1.76570310e-01  6.32123058e-01 -3.10722151e-01  5.46607196e-02
  -3.07905665e-01 -8.71725504e-01 -1.20964799e+00  8.15709253e-01
   7.04090328e-02 -1.02427363e+00 -2.59811166e-01  2.43967547e-01
   4.61973236e-01  1.77516565e+00  3.25049647e-01 -5.61037624e-02
   3.75993569e-01  8.51626805e-01  1.68707647e-01 -9.66253309e-01
   4.97322427e-01  6.63338345e-01  7.55562017e-01  2.24213351e-01
   3.61248380e-01 -5.47222693e-01 -6.77515745e-01  1.91769495e-01
   2.20437489e-01  1.54922471e-02  9.03009348e-01  2.02487392e-01
  -6.63316005e-03  1.26030125e+00 -2.37998646e-01  8.24921790e-01
  -3.35760421e-01 -4.13603209e-01  2.82908825e-01  5.85266241e-01
  -3.41748907e-01 -8.57573953e-01 -9.62946777e-01  2.62010057e-01
  -3.68259115e-01 -1.51715778e+00  5.84152738e-01 -1.07076596e+00
   1.93540041e-01 -8.74132281e-01  4.94869052e-03  1.06897741e+00
   1.03300799e+00  1.08189776e+00 -6.05563815e-02 -5.28678977e-01
   4.37849658e-01 -2.17028161e-01 -7.41716930e-01  6.92799084e-01
   1.10302333e+00 -8.33600369e-01 -8.91381717e-01  1.08520505e+00
  -2.70835590e-01  1.28594130e-01 -6.18851145e-01 -4.36137885e-01
  -1.68675593e-01 -1.82152403e+00  7.45505179e-01  1.04165568e+00
  -9.40139542e-01  1.35781867e+00  2.02865952e-02  6.79001093e-01]
 [-8.50864929e-01  7.75531592e-01  7.84212120e-01 -4.05086128e-01
  -3.37102716e-01  7.91503997e-01 -1.01725036e+00  5.41730662e-01
  -4.98351578e-01  3.53449640e-01 -2.68918822e-01 -1.21591005e-01
  -3.93813415e-01  6.87466469e-01 -4.06864284e-01  4.88675447e-01
   2.58473784e-01 -4.95176193e-01 -9.51147745e-01  6.11766391e-02
  -5.09825129e-01  1.25549664e-01  4.41785418e-01  4.38106969e-01
  -5.34052789e-01  4.14906826e-01 -4.84240589e-01  6.02339814e-01
   6.97802183e-01 -9.22984114e-01 -3.29089012e-01  9.15366544e-01
  -4.11771182e-01 -1.06523552e+00 -2.48699356e-01 -1.21215902e+00
   6.26145407e-01 -3.56993120e-01  1.92541825e-01  1.47724378e-01
   1.68896087e-01 -1.06128475e+00  3.72554021e-01  4.53261340e-01
   2.69959289e-01 -6.16951775e-01 -5.23936096e-01 -8.27359181e-01
  -3.18722372e-01  4.57724169e-01  4.24632612e-01  7.37640588e-01
   2.91222191e-01  4.98200446e-01  7.17526060e-01 -8.66559669e-02
  -4.21949023e-01 -5.13932244e-01 -2.27403534e-01  8.11568074e-01
   8.48681134e-01 -9.61642010e-01 -6.84215406e-01  1.08183155e+00
  -8.50457128e-01  6.27352108e-02  1.03488255e+00 -3.19527696e-01
   1.66323125e+00 -5.73348744e-01  5.02580203e-01 -4.31718994e-01
  -1.23376539e-01  3.93151672e-01  4.46173070e-03  7.78780997e-01
   1.20320063e-01 -1.12112841e+00 -8.20862833e-01 -2.45727226e-01
   1.66206272e+00 -4.60495223e-01  1.82679954e-02 -6.41770261e-01
   1.79916107e-01 -1.90528222e-01 -1.73361657e+00 -6.71493937e-01
   2.93486426e-02 -1.88804388e-01 -1.84878491e-01  9.45544430e-02
   1.01599271e+00  1.92939061e-01  3.06435704e-01  1.31352036e+00
   7.40793317e-02 -4.14704928e-01 -4.19384307e-01  8.75162567e-01]
 [ 1.03320963e+00  7.86946381e-01 -6.47638540e-01  2.18796402e-01
  -2.88812348e-01 -6.38170517e-01 -6.45204651e-02  6.32208426e-01
   7.84560469e-01 -1.17065063e+00 -4.62799237e-01 -1.32867490e+00
   1.08059717e+00 -1.62089255e-01  6.56153646e-01 -8.04505822e-01
   1.76819951e-01 -1.07405508e-01  4.75874516e-01 -5.99500896e-01
   7.03344917e-01 -2.82309182e-02  1.99971558e-01 -2.68437682e-01
   5.11131614e-01 -6.95020037e-01  1.64154626e-01 -6.02784870e-01
   1.36410291e+00 -7.67177719e-01 -2.44867079e-01 -3.51026061e-01
  -1.52363196e-01  3.00873848e-01 -3.43190195e-01  6.97555670e-01
  -3.50170493e-01 -1.64367809e-02  1.43780168e-01  4.67588976e-01
  -1.05303516e-01  6.07361469e-01  3.78865475e-01  5.42624947e-01
  -5.46244690e-01 -2.77825005e-01  1.04528512e+00  7.70359448e-01
   9.74775592e-01 -9.23242538e-01  4.30531555e-01  4.59417516e-01
   7.09283873e-01  1.56229576e+00 -3.12432708e-01  1.00466382e+00
   4.31515229e-01 -1.40358799e+00  2.27777812e-01 -3.87465927e-01
  -8.51016248e-01 -9.85784968e-02  3.45685342e-01 -1.11105826e+00
  -4.09759847e-02  4.41143478e-01 -1.42242708e+00 -5.05767980e-01
  -4.00046477e-01  1.11551504e+00 -8.86724666e-01  8.89997228e-01
  -1.59300730e-01 -1.03309809e+00 -5.49903297e-01  3.34727726e-01
  -7.55454448e-01  1.52998769e-02 -1.24377494e-01 -5.73259263e-01
  -1.84367038e-02  2.40132994e-02  1.66312248e-02 -4.62251304e-01
  -4.12470243e-01  1.89238772e+00 -2.98549136e-01 -2.22432247e-01
  -1.01301215e+00  1.37960155e-01  8.80733072e-02  5.98990156e-01
  -6.85046142e-01  5.43015181e-01 -8.31652272e-01 -9.85047233e-01
  -3.40315239e-01  6.74042680e-01 -4.00570951e-01 -2.90192072e-01]
 [-1.85748503e-01 -4.25091554e-01  6.09028966e-01  6.58386803e-01
   3.78065373e-02  2.17138774e-02  6.18556992e-01 -1.41715637e+00
   4.27712710e-01  5.98754094e-01 -5.79591185e-01  1.29877929e-01
   4.82791676e-01 -7.95716785e-01  2.84230511e-01 -1.49533609e-01
  -7.25537160e-01  3.81002380e-01  5.35052794e-01  4.99850134e-02
  -6.98461415e-01 -1.01012585e+00 -7.12282063e-02  8.50674704e-01
  -6.00692568e-01  3.00011958e-01 -5.84097404e-01  5.37309493e-01
   4.06440674e-01  1.90336522e-01  6.15371963e-01  1.97395805e-01
   5.24165893e-01  7.12940599e-01  1.61257541e+00  5.58521414e-01
  -6.45988270e-01  3.77878114e-01  1.17003941e+00 -1.48444788e+00
   8.21888051e-01 -1.58371260e+00 -8.17416987e-01  7.77302894e-01
  -3.06091748e-01  3.08998004e-01  8.36688599e-01 -4.20119646e-01
  -5.30327533e-01 -2.09028655e-01  2.77836739e-01  9.90318198e-01
  -8.01487917e-01 -3.02290203e-02  1.94904565e-01 -8.46150974e-01
  -4.00831503e-01 -4.96918889e-01 -2.39946175e-01 -5.78287227e-02
   7.79179678e-01 -2.01988909e-01 -6.44231241e-01  1.22423152e+00
   1.58946597e-03  3.82905463e-01 -1.34779831e-01  9.52963017e-01
  -5.19128141e-01  1.23374567e-01 -1.28494628e+00 -7.28707210e-01
   8.90804906e-01  1.25402936e-01 -1.67515556e-01 -1.06367762e+00
   1.24421165e+00 -3.48686704e-01  9.48751879e-01  7.24137468e-01
  -4.63328325e-01  1.40377067e+00  2.34473048e-04  8.79908998e-01
  -4.43340404e-01  8.85669834e-01  1.15811361e+00 -1.47240531e-01
   1.59671055e+00  4.68278486e-01 -2.54620056e-01 -1.31407678e+00
   1.52368769e+00 -6.76181347e-02  7.40428003e-02 -5.48379397e-01
   1.66996167e+00  2.67087094e-01 -6.72062372e-02  3.53971943e-01]
 [ 7.14386216e-01 -1.96136042e-01  6.67501603e-01  4.22137455e-01
   8.69021352e-01 -3.95502041e-01  3.03181366e-01 -2.75406450e-01
   5.28869106e-01 -1.86694466e-01  4.48063472e-01  3.35808635e-01
   1.62184359e-01  2.39760169e-01 -7.76132095e-01 -3.99590978e-01
   6.16547189e-01 -1.34581735e-01 -3.19629035e-01 -7.57530082e-01
  -1.65726168e-01  2.51654746e-01  2.44687168e-01  3.69703145e-01
   3.29280464e-01  4.15687305e-01  6.87627563e-01 -1.12205583e-01
  -1.16190383e+00  8.80237200e-01 -8.28766509e-01  6.27533312e-02
  -3.34577563e-01 -3.19933219e-01 -7.41053096e-01 -4.64345288e-01
  -3.28815704e-01  4.12394984e-02 -5.47518374e-01 -3.97730412e-01
   6.77957028e-02 -1.24536320e-01 -4.06162512e-01  1.14287997e-01
   4.32340562e-02 -4.65790556e-01  4.01807589e-01  6.87537438e-01
  -6.82332279e-01  7.61939957e-01 -7.10952790e-01 -1.11409150e+00
   6.87197178e-01 -7.64038674e-01  1.45986644e+00 -2.05502742e-01
   3.98391136e-02 -2.78100897e-01  3.84838437e-01 -1.97392866e+00
  -1.09357971e-01 -4.11159741e-01  8.03465188e-01 -3.75315897e-01
   1.85066533e-01  4.76085374e-01 -3.26322486e-01 -5.17780799e-01
  -6.06322719e-01  1.06332474e+00  3.06611643e-01  5.63503821e-01
  -1.20598861e+00 -2.62840475e-01  1.97863842e+00 -5.73101734e-01
  -7.51798418e-02 -3.09061356e-01  2.41274575e-01  3.03218166e-01
  -1.15352604e+00  4.66745336e-01  8.29153082e-01 -3.83545240e-01
  -5.83701534e-01 -4.61216913e-01  3.26174482e-01 -4.73828514e-02
  -1.17735892e-01  5.56079514e-01 -9.20828011e-01 -5.47342594e-01
  -2.50584396e-01  3.19759432e-01  3.63904273e-01 -4.43011821e-01
   5.92636930e-01  8.68028354e-01  3.63901214e-01 -1.33346375e+00]
 [-2.55743496e-01  6.80264139e-01 -2.26633110e-01  2.99355431e-01
   1.51485330e-01  3.87873591e-01 -6.14804194e-02  6.08767945e-01
  -2.15757660e-01 -1.66208311e-01  5.85105288e-01 -8.26536241e-01
   7.53282900e-01  5.52373160e-01 -3.11097489e-01  5.30877416e-01
  -7.38822801e-01 -5.34533103e-01  8.60850799e-01  6.63467738e-01
  -8.23509702e-01  1.14549995e+00 -3.02892486e-01 -1.13165858e+00
   8.20246447e-01 -3.54384277e-01  4.64932409e-02 -8.00024977e-01
  -6.32242225e-02 -4.26245275e-01  7.97276062e-02 -9.02771962e-01
  -3.42252447e-01  1.67246931e-01 -6.26140732e-01  7.05458277e-01
   1.08782560e+00 -7.67783860e-02 -5.12593804e-01 -7.01972639e-02
  -5.94864121e-02  3.94747157e-01 -6.07086607e-01 -2.62331294e-01
  -2.48025348e-01  6.91220584e-01 -3.89267061e-01  5.97416228e-01
  -5.90833065e-01 -3.59480231e-01  7.37013976e-01 -7.26308366e-01
  -2.60582622e-01  5.89781223e-01 -5.83080978e-01  4.23716228e-01
   1.06883247e+00  3.62588522e-01  5.99691996e-01  1.00418966e+00
  -1.19990130e-02 -5.00701504e-03  1.44020903e+00  8.44817198e-01
  -4.06232268e-01  5.55250543e-01  4.48612487e-01  2.29990824e-01
  -1.99398736e-01 -5.56886282e-01  1.61226511e-01  7.37637637e-01
   2.11558974e-01  1.49548615e+00 -6.20344170e-01  3.27454369e-01
  -7.47529606e-01 -1.47804074e-02  9.67454961e-01  2.26110799e+00
   2.04763845e-01 -2.06338826e-01 -1.22054521e+00 -6.69912038e-01
  -1.02983395e-01 -2.80838378e-01 -7.31225449e-01  1.01370255e+00
   4.36033592e-01  4.24055596e-01  2.69865948e-01  1.36082045e+00
  -7.48863632e-01 -5.29133677e-01  1.18676559e-02  9.22416372e-01
   2.25891200e-01 -1.10755070e+00 -2.52452159e-01  2.78303185e-01]
 [-1.45090872e+00  1.45319614e-01 -2.57897045e-01 -9.93132912e-01
   1.22783666e-01  1.16696340e-01 -1.76586935e-01 -6.89324604e-01
  -4.64968770e-01 -5.90688445e-01  4.17645231e-03 -4.38736233e-01
  -9.61845840e-01  8.10461641e-02  2.34974933e-01  8.61039343e-01
   6.03695902e-01  3.32088095e-01  4.66658591e-03  5.99495740e-01
  -1.09734551e+00 -5.92563935e-01  2.61177555e-01  6.80613721e-01
  -6.93834647e-01 -8.66223461e-02  1.49481087e+00  1.41363228e+00
   1.33524607e-01  7.43143266e-01 -8.45714860e-01  3.02580486e-01
  -6.68856624e-01 -2.59553258e-01  3.38547100e-01  3.17515017e-01
  -1.80664459e-01 -4.53936439e-01 -9.75521491e-01 -4.91714030e-01
   3.44123319e-01 -6.47026264e-01  9.46378849e-01  1.99029896e-01
   6.19218263e-01 -5.68882336e-01 -5.97587456e-01 -1.56291031e-01
   1.64059129e+00  1.88110221e-01 -1.20677761e+00  1.04032235e+00
  -5.79684065e-01 -1.27682499e+00 -1.04164724e+00  6.55404717e-02
   7.24597821e-02 -2.54776415e-01  1.55467441e-01 -1.15063178e-01
  -7.24366325e-01  4.58906993e-02 -1.92148447e-01 -4.28740718e-01
  -2.38067847e-01 -1.67232606e+00 -5.30404406e-01 -3.42884590e-01
  -8.66888209e-01  4.39168941e-01  7.49653108e-01  9.49135134e-01
   5.36954833e-01 -8.67512554e-01  4.21335563e-01 -2.41967891e-01
   3.21905317e-01  3.68736195e-01 -3.72621637e-01 -3.85744789e-01
  -1.19292757e-01 -3.94420095e-01  2.44068521e-01  7.58731370e-01
  -2.64472590e-01 -7.96221543e-01  1.97655761e-02  2.37139891e-01
  -9.56983581e-01 -8.21781550e-01  1.15006740e-01 -1.03841201e+00
  -4.21315063e-01  5.05919768e-01 -2.37086443e-01 -1.41616819e+00
  -3.16888121e-01 -1.06277723e+00 -1.99426116e-01 -7.56892363e-01]
 [ 1.06215339e+00 -6.79714799e-01 -4.41160398e-01  4.39694182e-01
  -6.24850744e-01  1.85391158e-01 -3.98960386e-02  4.67006508e-01
  -5.05826457e-01 -9.40312420e-01 -4.66179035e-02 -9.03088260e-01
   2.29566701e-01  1.02691481e+00  1.54325632e+00 -5.70280577e-01
  -6.71189760e-01  5.15808144e-02 -1.19817352e+00  6.24186795e-01
   2.74376836e-01  7.62258315e-01  5.98371058e-01  2.86885136e-03
  -4.24925833e-01 -8.88797258e-01 -6.07645016e-01 -2.68777518e-01
  -2.97291112e-02  5.03491148e-01  9.86721303e-01  8.97114418e-02
  -5.89622027e-01  5.58145326e-01  3.09631226e-01 -3.30455570e-01
  -1.01086491e-01 -1.03944587e+00  5.08706637e-01  6.40238465e-01
  -9.50560319e-02  6.70819413e-01 -7.31287665e-02 -7.71088218e-01
   5.25082410e-01  2.16667669e-01 -8.17743943e-01 -1.23519706e+00
  -5.96590660e-01  2.47195954e-01  2.40444037e-01 -3.46729170e-01
  -1.71032883e-01  1.76304157e+00 -4.78010961e-01 -4.22709128e-01
  -5.19215606e-01  1.90043853e-01  6.60978015e-01  8.27244910e-01
   1.36307056e-01  1.28130022e+00 -7.95787222e-01 -1.09182557e+00
  -2.47063002e-01  8.48428731e-01  2.14197079e-01  3.76213240e-01
  -5.35971899e-02  2.24347000e-01  1.40347039e+00 -3.29289803e-01
   8.49852880e-01 -1.97760073e-01 -1.22235457e+00  3.85913379e-01
  -9.58023828e-01  2.94362344e-01 -2.96120206e-01 -9.50226786e-01
   4.26547919e-01  6.40274156e-01 -8.63909345e-01 -4.92935676e-01
  -1.00479411e-01  3.05038966e-01  7.12747155e-01 -9.40839087e-01
   2.66280147e-01 -9.89058575e-01  1.50549304e+00 -2.40453707e-01
  -7.52414229e-01  2.11382043e-01 -4.46959035e-01 -1.56816824e+00
  -1.09762176e-01  6.12820893e-01 -1.02934446e-01  6.78131542e-02]]