[[-4.25234902e-01 -1.16336534e-01  1.88942235e-01  2.41728861e-01
   3.96217689e-01  2.83131617e-01 -3.36509022e-02  1.29250058e-01
   1.28700266e-02  4.73470447e-01  1.10350527e-01  2.82652346e-01
  -4.13113622e-01 -6.16443177e-02 -3.39772290e-01  2.72057035e-01
  -4.20533075e-01 -2.06683603e-01  4.99368908e-01 -4.07607131e-01
   3.86154165e-01 -1.46740372e-01  2.06038846e-01 -1.72736322e-01
  -3.83619833e-01  1.75956314e-01 -4.36846456e-01  7.79758702e-02
   1.74202286e-01  1.38867636e-01  2.93982879e-01  4.11389565e-01
   1.59537973e-01  1.27979544e-01  8.21289848e-02 -3.66536899e-01
  -4.42111278e-01 -1.76792206e-01  3.49926957e-01 -2.80847888e-02
   5.59514134e-02 -3.12482312e-01 -3.97813380e-01 -9.64468744e-02
  -1.68130391e-01  1.74977725e-01  2.34827711e-01  2.60166436e-01
  -1.98310551e-01 -3.63120803e-02 -3.79389464e-01 -4.71855438e-01
  -3.93115830e-01 -4.76850702e-01 -3.96954530e-01 -4.86318004e-01
  -4.27168615e-02  5.00697056e-02 -1.15764271e-01 -3.63126777e-01
   9.66915769e-02 -3.07833051e-01  1.84464553e-01 -8.31674290e-03
  -4.05494913e-01 -1.70064093e-01  2.42242619e-01 -3.25355107e-01
   2.55614737e-01  8.59981585e-02 -8.38808625e-02  2.38277636e-01
  -3.21163600e-01 -1.86223892e-01 -2.76098601e-01 -4.24567040e-01
   4.09791832e-02  4.56283829e-01 -1.66863577e-01 -1.33299714e-01
  -5.47885243e-02  2.21585156e-01 -2.90391836e-01  2.04428476e-01
   9.39278721e-02 -4.86453491e-01  2.94912422e-02 -4.95844818e-01
   1.23283525e-01 -7.00898171e-03 -4.08060622e-02  5.47479838e-02
  -1.32292669e-01 -1.35135957e-01  2.74648830e-01 -1.25945882e-01
  -4.96650059e-01  3.89584850e-01  8.18592585e-02  1.59332793e-01]
 [-3.84336421e-01  3.75352795e-01 -3.96189221e-01 -3.20360711e-01
   1.84042451e-01  2.29110096e-01 -4.96038142e-01  1.24486268e-02
  -4.36778051e-01 -3.73382930e-01 -8.39971998e-02 -1.51084912e-01
   4.26214020e-01 -2.81346620e-01  4.34282642e-01 -1.72644188e-01
  -1.31588309e-01 -4.67821431e-01 -7.97039512e-02  2.23816625e-01
   3.32664792e-01  3.29219388e-01 -3.21119004e-01  2.72467082e-01
   4.75007845e-02 -1.97451351e-02 -2.42838671e-01  3.03249227e-01
  -2.79625426e-01 -4.09710992e-01  2.29764733e-01 -3.03283244e-01
   4.51094885e-01 -1.15417445e-02 -4.52136167e-01 -4.58437489e-01
   1.48270016e-01  3.01785845e-01 -1.38376757e-01  4.24984622e-01
  -2.65611397e-02  4.99383872e-01  3.65076168e-01  4.74788215e-01
   1.04610224e-01  3.22827491e-01 -3.96539564e-01 -4.42368781e-01
  -1.07124476e-01  2.15107644e-01  3.69244730e-01 -3.40906995e-01
   2.18920876e-01 -2.13228684e-01 -3.29163950e-01  3.86353954e-01
   3.37653405e-01 -6.97877229e-02 -2.64361896e-01 -3.80514021e-01
   3.84461199e-02  4.02094720e-02 -1.10985021e-01 -4.14260771e-01
  -4.72547730e-01 -4.10222236e-01 -6.12979540e-02  3.06173492e-01
  -3.43901066e-01 -1.07348075e-01 -4.07429878e-01 -3.98664685e-01
  -6.33372742e-02  3.02919009e-01  2.77951554e-01 -3.16210164e-01
   3.58846054e-01  1.74365327e-01  2.76348822e-01 -1.54495737e-01
   4.86386975e-01  2.22341205e-01  3.48512447e-01 -1.80702869e-01
   8.49819201e-02 -4.05995271e-01  2.40651636e-01  2.16234038e-01
   3.59150454e-01  1.93776185e-01 -4.01834512e-01  3.90227448e-01
   4.75340720e-01  6.94002925e-03  1.67295480e-01  2.62694462e-01
   2.86695011e-01  2.95719675e-01  3.27457604e-01 -9.18372307e-02]
 [-3.26903393e-01 -4.47613725e-01  1.17978984e-01  3.56816285e-02
  -3.19832965e-01 -3.99653773e-01  3.62922460e-01 -1.12715119e-01
   2.15937999e-01  3.22876323e-01  4.43094216e-02 -2.14465705e-01
   3.19115159e-01  1.56545882e-01 -3.79009727e-01 -3.67703069e-01
   4.50534533e-01 -2.56945192e-01 -1.78153339e-01 -1.06303557e-01
   3.77846302e-01  8.77371626e-02 -3.27504922e-01  2.47059084e-01
  -3.86944718e-01 -5.76613703e-02  2.72061866e-02  1.10805908e-01
   9.41165772e-02 -3.13759523e-01 -2.09626219e-01  2.74234711e-01
   2.41891646e-01 -2.68720096e-01 -7.38874764e-02  2.73877458e-01
   8.72665471e-02  4.79435682e-01 -1.52952965e-01  2.38175288e-02
   3.66000440e-01  4.43369828e-01 -3.47497350e-01 -4.91593779e-01
   2.14273533e-01  4.38018660e-01  3.39554471e-01 -1.33970263e-01
   1.49287660e-01 -2.43047829e-01 -1.64726723e-01  2.12541793e-01
   1.31454881e-01  1.12160601e-01  4.84560863e-01  3.82885922e-01
   9.28095977e-02  7.85431347e-02 -3.38383606e-01  3.71126714e-01
   4.92985322e-02 -4.12048433e-01  4.95817666e-01  3.27858139e-01
  -1.51400718e-01 -4.80784528e-01 -2.73610275e-01  1.58937314e-01
  -3.75313718e-01 -2.58827315e-01  4.84855088e-01 -5.32630127e-02
   3.16043314e-01 -9.76130447e-02 -8.72508636e-02  3.99534686e-01
   5.33446733e-02  3.26856973e-01  2.30154785e-01 -3.26757049e-01
   3.66899088e-01 -1.42488091e-04 -2.73584654e-01 -1.19604616e-01
   3.34442123e-01 -3.36554622e-01 -4.74663013e-01  4.97675420e-01
   5.98827793e-02 -4.60842651e-02 -2.44151360e-01 -2.97181775e-01
  -2.12968693e-01 -4.13984203e-01  3.74637919e-01 -2.86973351e-02
  -4.22340084e-02  3.94181757e-01 -4.86805547e-02  1.86760590e-01]
 [-3.11548865e-01  3.76426759e-01  3.66139830e-01 -3.41778900e-02
   1.71341516e-01  4.58413190e-01 -4.45414254e-01  3.55106172e-01
  -2.04937505e-01 -2.42591833e-01 -2.81149159e-01 -3.19767949e-01
  -6.97350259e-02  2.91564788e-01  3.42075882e-01  3.82699304e-01
   3.85205300e-01 -4.18573460e-01 -8.30823814e-02 -3.04456177e-01
   1.30481887e-01  3.94045410e-01  1.23096787e-02  1.76332478e-01
  -8.84063558e-02 -9.43683170e-02 -2.81528235e-01  2.07191561e-01
   1.84446134e-02 -2.99590810e-01  9.08827944e-02  4.56916664e-01
  -2.18767141e-01 -3.07435483e-01 -1.80003076e-01 -3.49416277e-01
   4.54788034e-01 -3.58533548e-01  2.48387328e-01 -7.79569546e-02
   3.63834575e-01 -2.06014012e-01  3.46933392e-01  4.89780158e-01
   1.54157628e-01 -1.66073160e-01  7.81706767e-02 -3.21984187e-01
  -2.78771688e-01  1.05075179e-01  1.00855255e-01 -4.54672223e-02
  -7.09905759e-02  3.79438755e-02  1.85417639e-01  3.79242666e-02
  -2.53961065e-01 -4.44419287e-01  9.06735906e-02  3.51744877e-01
   2.79386036e-01 -9.37649869e-02 -1.51766976e-01  4.67634582e-01
  -4.84421476e-01  1.37645737e-01  3.69810795e-01 -3.17247771e-01
   3.52042917e-01  1.22062655e-01  2.73548816e-01  3.80875209e-02
  -4.34096172e-01  4.25048352e-01  3.20884341e-01  4.59671476e-01
  -2.59493062e-01 -2.91571476e-01 -5.18630525e-02 -8.82764487e-02
   4.19386401e-01 -1.98931753e-01 -8.84582911e-02 -2.95268664e-01
  -1.15311057e-01  3.16043323e-01 -4.36992336e-01 -3.52098411e-01
  -2.03869448e-01  3.39013733e-01 -1.58467427e-01  3.90606713e-01
   3.94024621e-01  2.65212297e-01  2.81271681e-01  2.07586604e-01
   1.37129090e-01 -1.59429832e-01 -5.88216895e-02  2.98065173e-01]
 [ 3.73848723e-01  1.50142704e-01 -4.36567349e-02  1.40843069e-01
  -3.30503827e-01 -2.60356597e-01 -1.62231194e-01  2.31585010e-01
  -1.16923799e-02 -1.08151414e-01 -4.27311199e-01 -4.74998044e-01
   3.36258307e-01  8.64836165e-02 -1.19816329e-01 -2.07663866e-01
   3.91977229e-01 -3.22043256e-01  3.68910392e-01 -3.70378676e-01
   3.53967339e-01  1.63818492e-01  2.67803318e-01  2.39346507e-02
   7.42552544e-02 -3.93310419e-01 -4.18788024e-02 -1.66260984e-01
   2.66047699e-01 -3.38742543e-01 -3.58961622e-01  2.76368514e-01
  -3.89714398e-01 -2.34760587e-01  1.92243507e-01  2.57503496e-01
   1.82073737e-01  7.66032647e-02  3.39143784e-01  1.34261089e-01
   1.86913725e-01 -1.54519169e-01  3.76795233e-01  1.50136314e-01
  -3.15647631e-01  1.70459029e-02  3.17257353e-01  2.15820421e-01
   1.79531145e-01 -1.74281988e-01  1.61484809e-01 -5.42838042e-02
   1.83434161e-01  3.52594145e-01  4.17890996e-01  1.93000265e-01
   2.31250448e-01 -4.98960996e-01  1.40731515e-01  2.34051545e-01
  -1.40649330e-01 -1.60363001e-01  3.79081045e-01 -2.58069365e-01
  -1.77070276e-01  2.45341708e-01 -4.30533746e-01 -3.16268278e-01
  -3.82375358e-01 -3.27428432e-01 -4.04964687e-01  1.02478030e-01
   1.52580045e-03 -4.10518030e-01 -3.84502214e-01  3.53860009e-01
  -6.01220545e-02  2.13374003e-02  5.40102416e-02  8.11944470e-04
   2.17270208e-01  2.68193783e-02 -1.99068686e-01  1.69129163e-01
  -2.88464341e-01  4.16336320e-01  4.34524552e-01 -5.38864179e-02
  -4.22293670e-01 -2.17783747e-01  3.60330890e-01  1.15393018e-01
  -4.76972839e-01  1.45521231e-01 -2.53962188e-01 -4.52386375e-01
   2.91222179e-01  1.56886613e-01  1.17220557e-01 -2.66707514e-01]
 [-1.61170325e-01  1.02554380e-01  9.39361883e-02  4.61697119e-01
   2.16830793e-01 -1.11303304e-01  3.16140236e-01 -4.17996752e-01
   5.61390516e-02  1.42218424e-01 -4.36426766e-01  2.15845527e-01
   4.49755048e-01 -1.60936336e-01  3.63556333e-01  8.71032674e-02
  -4.28173801e-01  3.18654016e-01  3.42316148e-01  4.29300479e-01
  -3.88550514e-01  4.66485044e-02 -1.36079762e-01  4.30668484e-01
  -3.27474292e-01  1.47474568e-01 -2.22981949e-01  2.04789009e-01
   3.58568940e-01 -3.15532375e-01  2.96226466e-01  4.76283353e-01
   2.77170139e-01  4.95563578e-01  4.89053301e-01  1.09082451e-01
  -1.94516449e-01  1.98904064e-01  3.80533724e-01 -1.70559977e-01
   3.98327079e-02 -1.81716621e-01 -1.87206711e-01  3.51435315e-01
  -2.01904210e-02  4.24740577e-01  1.25615368e-01 -2.81166374e-01
   1.94703456e-03 -3.00236885e-01 -2.45709195e-01  4.16435675e-01
  -3.44692420e-01  1.81292081e-01  3.40439105e-01 -4.30898064e-01
  -5.53216375e-02 -2.89394114e-01  1.78315375e-01  4.04717355e-01
  -1.91038037e-01  1.79028679e-01 -7.47362048e-02  1.61517129e-01
  -1.48798304e-02  3.37268170e-01 -1.11242377e-01  3.89912784e-01
  -3.12099318e-01  2.46594912e-01 -3.00246656e-01 -2.50876409e-01
   1.31612350e-01 -3.79835653e-01 -5.01363641e-02 -4.11922384e-01
   3.87198850e-01 -3.42632073e-01  2.16608866e-01  3.90866498e-01
   1.60650495e-01  4.29850126e-01 -3.39966622e-01  1.56022271e-01
  -2.39125806e-01  4.65404062e-01  4.40275009e-01  1.40396591e-01
   4.17724149e-01 -1.68388256e-01 -1.26810924e-01 -4.42035651e-01
   4.19284183e-01 -1.38649378e-01  4.84074200e-01 -3.48870518e-01
   3.45725726e-01  2.04859536e-01  3.66986150e-01  1.72968357e-01]
 [ 4.56505957e-01  3.26527095e-01  4.95561495e-01  1.54464770e-01
   2.75559214e-01 -2.17214815e-01  4.94649838e-01 -2.21648613e-01
  -7.23587346e-02 -4.73716899e-01  4.87217911e-01 -2.72455310e-01
   4.18351261e-01  3.90359696e-01 -4.49255865e-01 -1.75039550e-01
   2.35212575e-01  4.12453223e-01 -2.19989123e-01 -1.29475187e-01
  -4.61247335e-01 -3.02806579e-01 -2.16639589e-01  2.43752640e-01
  -2.75242340e-01  3.16094967e-01  3.15082665e-01  4.79962662e-02
  -3.59257881e-01  8.55774624e-02 -4.78147642e-01 -1.84363209e-02
  -4.01201877e-01 -2.52739558e-01 -4.05152541e-01 -1.19649850e-01
  -2.63737564e-01  1.06414691e-01 -2.47055675e-01 -1.32159272e-01
   3.40566082e-02 -3.24843266e-02 -2.85902690e-01 -1.13230847e-01
   3.14715472e-01 -4.77208045e-01 -2.00771067e-02  3.91762858e-01
  -4.00258245e-01  4.89677161e-01 -2.90494655e-01 -3.71789000e-01
  -1.73570533e-02 -2.34624201e-01  4.24823565e-01  2.30935015e-02
  -1.36323144e-01 -3.13167725e-02  2.65506683e-01 -4.19267691e-01
   2.10474780e-01 -4.79567318e-01  4.61264454e-01 -1.11684026e-01
  -1.64010577e-01  2.64119328e-01 -3.02573759e-01 -4.16459976e-01
  -4.54260645e-02  4.89999329e-01  8.80289179e-02  2.94249121e-01
  -4.65393255e-01  1.19707626e-02  2.37558216e-01 -3.33022630e-01
  -3.21325835e-01 -8.30698701e-02  4.74814068e-01  4.50621979e-01
  -3.38799352e-01  3.02751770e-01  3.42756674e-01 -2.50240879e-01
  -3.82199909e-01 -2.01556405e-01  2.69735738e-01 -2.73153184e-01
   1.65770836e-01 -7.99374058e-02 -4.20896821e-01 -2.37279241e-01
  -1.69930632e-01  1.85577964e-01  3.35084450e-01 -1.88245071e-01
   1.17914652e-01  4.29315608e-01 -1.03007537e-01 -4.69123880e-01]
 [-3.89102448e-01 -8.65438959e-02 -1.14518628e-01 -2.76949590e-01
   1.73708825e-01  1.04658962e-01 -2.33244373e-01 -1.43477372e-01
   2.43723959e-02  3.87158276e-01  4.65253582e-01 -3.20522008e-01
   3.43561641e-01  1.83280992e-02 -2.06790422e-01  1.96025030e-01
  -1.04898020e-01 -3.12624367e-01  2.35082928e-01  2.60926438e-01
  -4.89842869e-01  4.99337174e-01 -4.62650862e-01 -1.15785030e-01
   2.67099832e-01 -3.28030789e-03  4.77059476e-01  2.34141950e-01
  -2.71071764e-01  3.69221181e-01 -4.80983481e-01 -3.37562197e-01
  -4.20065916e-01  3.82336850e-03 -1.64586888e-01  1.85160723e-01
   3.03837471e-01  4.50466550e-02 -4.25236703e-01 -1.05952815e-01
   1.71370223e-01  1.69478524e-01 -4.50526680e-01 -2.00704617e-01
   2.37228367e-03  3.76804387e-01 -2.54263984e-01 -3.85610021e-01
  -2.95971810e-01 -2.19330362e-01  1.81262379e-01 -2.89001592e-01
  -4.62189268e-03  4.01854265e-01 -3.50785019e-01  2.06169504e-01
   2.97868516e-01  4.02359997e-01  2.37339496e-01  2.47024920e-01
   1.30504098e-01  2.39602544e-02  4.44350668e-01  2.16619200e-01
  -1.85723860e-01  1.45528722e-01 -4.33495458e-02 -9.13926324e-02
   2.14396298e-02 -4.19674841e-01  3.58292249e-01  2.62477342e-01
   3.29361771e-01  9.79718942e-02 -4.91654460e-01  1.53942879e-01
   2.40629148e-02  4.42956141e-02  2.28665921e-01  2.70573605e-01
  -4.52186235e-01 -9.81786932e-02 -4.45678274e-01 -1.81704636e-01
  -3.57791092e-01 -3.08946415e-01 -4.60220771e-01  2.66720855e-01
   4.11550888e-01  2.51358636e-01 -1.55878858e-01  4.01410717e-02
  -4.93093029e-01 -4.41476630e-01 -1.41498828e-01 -1.09781719e-01
   1.85661425e-01 -3.68985948e-01 -3.58829739e-01  3.66837021e-01]
 [-2.59836601e-01 -1.45196676e-01  2.40640402e-01 -4.73953585e-01
   2.52596390e-01 -1.89756807e-01 -1.91559206e-01  2.43360817e-01
   2.91765924e-02 -3.98216920e-01 -7.49065439e-02 -4.39076815e-01
  -3.80179736e-01  2.03397228e-01  4.83775836e-01  1.60547222e-01
   2.25940956e-01 -1.59971170e-01  3.44537518e-01  3.91328320e-01
  -1.36609651e-02 -2.90677645e-01  3.54329887e-01  3.62697191e-01
   4.11146441e-01  2.59959742e-01  2.91529965e-01  1.90080203e-01
   2.79194864e-01  5.26280907e-02 -1.78338593e-01  5.56866250e-02
  -1.01107153e-01 -3.85168565e-01 -1.67832583e-01 -1.49096414e-01
   3.10493842e-01 -1.32343588e-01 -2.83052681e-01 -3.58921435e-01
   4.08216746e-01  4.94005092e-01  4.75512236e-01  2.99549165e-01
   3.69516902e-01  2.61996289e-02 -3.37841229e-01  8.62206576e-02
   4.77370889e-01  4.83021592e-01 -2.32015911e-01  2.18911926e-01
  -2.42417416e-01 -2.16951813e-01 -4.58778250e-01  5.42816500e-02
   3.47831558e-01 -4.81857878e-01  1.95229633e-01  1.75960178e-01
   2.64852032e-01  1.43840971e-01  4.61261144e-01  3.25891417e-01
  -1.98643008e-01 -3.41557232e-01 -3.33004860e-01  1.55088371e-01
  -3.86673147e-01  8.55850350e-02  4.16788865e-01  2.64378728e-01
   2.79185185e-01 -4.92482761e-01  4.79692084e-01 -5.31394949e-02
   3.75664686e-01  2.55280158e-01 -1.12281022e-01  1.78901730e-01
   4.95870193e-01  2.87374089e-01 -3.55815046e-01  4.11020644e-01
   2.05379774e-01 -3.27275679e-01 -3.26390910e-01 -1.42811491e-01
  -3.21700054e-01 -2.58919129e-01  2.38964253e-01 -2.25483873e-01
  -8.46329999e-02  2.17234945e-01  1.10144189e-02 -3.09793139e-01
   4.37879093e-03 -2.41301684e-01 -1.85601411e-01  6.26560759e-02]
 [ 1.44335701e-01 -1.68531270e-01 -4.36047789e-01  2.42117809e-01
  -3.02443121e-01 -2.20983714e-01  1.84063112e-01  3.41136766e-01
   4.62064466e-01 -3.95296125e-01  1.46327489e-01 -4.36531141e-01
   2.97360471e-01  2.34790351e-01  4.91905212e-01  1.11542237e-01
  -3.20248052e-01 -7.48583062e-02 -4.92401626e-01  3.25420509e-01
  -7.05786971e-03 -2.58351098e-02  2.76511042e-01  2.06788321e-02
  -4.97806895e-01 -4.94532680e-01 -4.60366901e-01  1.35381874e-01
   4.38301308e-01  3.63644090e-01 -2.14583937e-01 -1.62012486e-01
  -3.85669913e-01  1.39564957e-01  2.61952318e-01 -2.04336939e-01
  -7.25651114e-02 -3.82279252e-01  4.09199301e-01  3.42297640e-01
  -1.13486578e-01  1.36278649e-01 -1.26869072e-01 -1.76014028e-01
   3.21605369e-01 -1.99485800e-02  2.81101515e-01 -2.22436336e-01
  -1.47748333e-01 -4.10491090e-01  2.02292906e-01  1.34983484e-01
  -2.98648031e-01  4.57359797e-01 -6.82595245e-02  1.42376943e-02
  -1.87407399e-01  1.87852903e-01  3.91895712e-01 -1.92014251e-01
  -1.92593451e-01  4.26156031e-01 -4.32906923e-01 -4.99714744e-01
  -2.85816466e-01  4.31509898e-01 -2.16204000e-01  2.36340660e-01
  -1.97181662e-01  8.77698853e-02  3.48830958e-01 -3.31725543e-01
   3.98281739e-01 -4.06461341e-01 -4.24087571e-01 -5.15969335e-02
  -4.44223696e-01  1.27010881e-01 -1.27953243e-01 -2.88104442e-01
   1.63102150e-01  2.40310959e-01 -1.34994331e-01 -2.20835941e-01
   1.89239681e-01  1.76929219e-01 -1.24610837e-02 -1.55422536e-01
   1.91352234e-01 -3.84476878e-01  4.21672287e-01 -2.82251216e-01
  -2.55943573e-01  1.18986175e-01 -3.80371789e-01 -4.61883823e-01
  -3.60754021e-02  4.78478636e-01 -9.91162179e-02  2.16745124e-02]]