[[-0.77286067]
 [-1.17225498]
 [-1.62580757]
 [-1.45752243]
 [-1.0247053 ]
 [-1.02303606]
 [-1.15871341]
 [-0.74933277]
 [-1.16790067]
 [-0.81366647]
 [-0.78890745]
 [-1.59751065]
 [-0.93726435]
 [-1.18853578]
 [-1.04414172]
 [-1.60545461]
 [-0.73422418]
 [-1.24237949]
 [-0.98539075]
 [-1.55472928]
 [-1.51717322]
 [-1.29418655]
 [-1.07562211]
 [-0.83421984]
 [-1.4077674 ]
 [-1.36030014]
 [-0.73079591]
 [-0.93754751]
 [-1.56365796]
 [-1.40319479]
 [-1.58464203]
 [-1.09818874]
 [-1.50810216]
 [-1.47848629]
 [-1.56415941]
 [-1.0163777 ]
 [-0.90209284]
 [-1.18537417]
 [-0.90659336]
 [-0.89617938]
 [-1.57925987]
 [-1.05324063]
 [-0.79874543]
 [-1.59348736]
 [-1.25250805]
 [-1.63073672]
 [-1.05902596]
 [-1.46073228]
 [-1.09547467]
 [-1.30936121]
 [-1.52118071]
 [-1.6626269 ]
 [-1.70410795]
 [-1.52509587]
 [-1.63913858]
 [-1.13402251]
 [-1.37310189]
 [-1.28548739]
 [-1.47314023]
 [-1.02517874]
 [-1.1144428 ]
 [-0.92001365]
 [-1.64623734]
 [-1.69237001]
 [-1.15285176]
 [-1.29724337]
 [-1.46921187]
 [-1.32040229]
 [-1.48056588]
 [-1.24038556]
 [-1.23015028]
 [-1.71986826]
 [-1.3218695 ]
 [-0.88306951]
 [-0.95459678]
 [-1.32421267]
 [-1.44044033]
 [-1.56284731]
 [-0.85348936]
 [-1.13059732]
 [-1.4299717 ]
 [-0.83483835]
 [-1.41900642]
 [-1.1190503 ]
 [-0.76849762]
 [-1.15899593]
 [-1.3406217 ]
 [-0.97825064]
 [-1.27877721]
 [-1.351875  ]
 [-0.85471559]
 [-1.63379321]
 [-0.81734919]
 [-1.6146061 ]
 [-1.23933987]
 [-1.61351329]
 [-0.91675739]
 [-1.72712388]
 [-1.25221233]
 [-1.53874184]]