[[ 0.45450954]
 [ 0.05511523]
 [-0.39843737]
 [-0.23015223]
 [ 0.20266491]
 [ 0.20433414]
 [ 0.0686568 ]
 [ 0.47803744]
 [ 0.05946954]
 [ 0.41370374]
 [ 0.43846275]
 [-0.37014044]
 [ 0.29010586]
 [ 0.03883443]
 [ 0.18322848]
 [-0.3780844 ]
 [ 0.49314602]
 [-0.01500928]
 [ 0.24197945]
 [-0.32735908]
 [-0.28980302]
 [-0.06681635]
 [ 0.15174809]
 [ 0.39315036]
 [-0.18039719]
 [-0.13292993]
 [ 0.4965743 ]
 [ 0.28982269]
 [-0.33628775]
 [-0.17582458]
 [-0.35727183]
 [ 0.12918147]
 [-0.28073195]
 [-0.25111608]
 [-0.33678921]
 [ 0.2109925 ]
 [ 0.32527737]
 [ 0.04199604]
 [ 0.32077684]
 [ 0.33119083]
 [-0.35188967]
 [ 0.17412958]
 [ 0.42862477]
 [-0.36611716]
 [-0.02513785]
 [-0.40336651]
 [ 0.16834424]
 [-0.23336207]
 [ 0.13189554]
 [-0.081991  ]
 [-0.2938105 ]
 [-0.43525669]
 [-0.47673774]
 [-0.29772566]
 [-0.41176837]
 [ 0.0933477 ]
 [-0.14573168]
 [-0.05811719]
 [-0.24577002]
 [ 0.20219147]
 [ 0.11292741]
 [ 0.30735656]
 [-0.41886713]
 [-0.4649998 ]
 [ 0.07451845]
 [-0.06987316]
 [-0.24184167]
 [-0.09303208]
 [-0.25319567]
 [-0.01301536]
 [-0.00278007]
 [-0.49249805]
 [-0.09449929]
 [ 0.34430069]
 [ 0.27277343]
 [-0.09684246]
 [-0.21307013]
 [-0.33547711]
 [ 0.37388085]
 [ 0.09677288]
 [-0.20260149]
 [ 0.39253186]
 [-0.19163622]
 [ 0.1083199 ]
 [ 0.45887258]
 [ 0.06837428]
 [-0.11325149]
 [ 0.24911957]
 [-0.051407  ]
 [-0.12450479]
 [ 0.37265461]
 [-0.406423  ]
 [ 0.41002101]
 [-0.38723589]
 [-0.01196966]
 [-0.38614308]
 [ 0.31061281]
 [-0.49975368]
 [-0.02484212]
 [-0.31137164]]