[[-5.75928764e-02 -9.25550308e-01 -3.66315716e-01 -1.33329549e-01
   9.04329234e-01 -5.45783375e-03 -8.80540403e-01 -4.06371090e-01
  -8.92007807e-01 -1.34652160e-01  5.41413726e-01  3.81230624e-01
   4.71781666e-01 -2.18186677e-01 -2.70800756e-01 -6.23331149e-01
   2.71049476e-01  6.41037969e-01 -1.17940742e+00 -6.41048784e-01
   9.15875368e-01 -6.55814138e-01 -3.63490846e-01  3.94347770e-01
   8.98754361e-01  1.22857253e-01  6.89888695e-01  5.62802403e-03
  -2.03550781e-01  1.61011844e-01 -4.42694301e-01 -1.75038743e-01
   6.10578034e-01  8.15843501e-01 -1.28442005e-01 -8.06628604e-01
  -3.88719586e-01  1.13299839e+00 -1.25498366e-01 -6.25887237e-01
   1.34687346e-01  4.43573285e-01 -1.14779896e-01 -2.34180006e-01
  -1.88926336e-01  3.33928499e-01  6.78384903e-01 -2.16132787e-01
  -1.00322411e-01  1.10016124e+00  9.26553631e-01  1.32299777e-01
   4.15429578e-01 -1.49959111e-01 -2.71564720e-01 -3.53908842e-01
  -7.55742074e-01 -8.32453321e-01 -6.56252941e-01 -2.64798198e-01
   3.38588371e-01  5.60581080e-02 -4.12451282e-01 -4.37359373e-01
   2.75794681e-02 -3.75608318e-01  5.19103483e-01  2.70589760e-01
   2.63335891e-02  6.69525787e-01  1.94083752e-01 -3.12538616e-01
   3.69427083e-01  7.78780883e-01 -8.23585201e-01  3.74062765e-01
  -6.37762193e-01  3.87744996e-01 -6.77572731e-01  9.35134191e-02
   7.42204141e-01 -7.96166291e-02  3.51264372e-01 -5.37890854e-01
   9.11768807e-01 -7.82431635e-01 -3.39999618e-01  4.82784143e-02
   3.96095328e-03 -4.83306374e-01 -3.09664668e-01 -5.82963946e-01
  -1.09435952e+00  9.85489307e-01 -5.46219139e-01 -1.46782751e+00
  -3.29313371e-01  7.96408142e-01  6.76721334e-01 -2.20781201e-01]
 [-3.53377683e-01 -5.12278688e-01  4.03984597e-01 -9.47146533e-01
   7.94484645e-01 -3.14572015e-01 -4.63765881e-01 -2.14204702e-01
  -2.60386595e-01  5.62778409e-01 -3.91984718e-02  2.98833921e-01
  -9.77787538e-02 -4.86928381e-01  8.22411258e-01  6.37533387e-01
   8.89401002e-01  2.86794367e-01 -1.75625435e-01  3.89102345e-01
   1.90687075e-01  1.25987683e-02  1.18935655e+00 -4.12133958e-01
  -7.59176671e-01 -9.18419885e-02 -2.86823646e-01 -3.07042452e-01
   1.76868574e+00 -5.65034271e-01  1.96326028e-01  5.53794740e-01
   1.49053172e-01  9.62521700e-01 -1.19981673e+00  6.78147005e-01
   1.21866781e+00 -1.44255215e-01 -1.06822590e-01 -2.58309074e-01
  -2.02100225e-01 -2.11805752e-01 -1.03313837e+00 -4.32706635e-01
   3.00173477e-01 -1.47708487e-01 -4.66197233e-01 -4.99106689e-01
  -6.60916958e-01 -1.79578921e-01 -7.92773957e-01 -7.42119093e-01
   3.53881366e-01  1.16717549e-02 -1.18302740e-01 -3.35505938e-01
   9.37819536e-04  1.06769065e-01  5.26506239e-01  5.09353790e-01
  -2.26409456e-01 -4.39894601e-01  7.53378900e-02  4.41644462e-01
  -2.42161693e-02  6.94515319e-01 -2.08653472e-01  1.06350718e+00
   4.71843486e-01  8.56269935e-03  4.32510506e-02 -1.29815359e-01
   9.86600502e-01 -3.19936796e-01  2.17972272e-01 -3.85875570e-01
   9.85545515e-01 -4.74931899e-01  2.03286301e-01  4.11994411e-01
  -6.79433058e-01  6.34435874e-01  3.12368098e-01 -4.89698145e-01
  -6.48292969e-01  2.33375496e-01 -1.98944146e-01 -8.78733112e-01
   1.25042081e-01  4.34473243e-01  2.70597589e-01  4.31067203e-01
  -4.61913621e-02 -8.32987656e-01  3.18636231e-01 -6.99196680e-01
   4.90587806e-01 -1.07699858e-01  4.72708183e-01 -4.55558191e-03]
 [ 9.39160020e-01  1.29913819e-01  4.35039867e-03 -8.79280933e-01
  -1.68239616e+00  4.73970693e-01 -8.82675191e-01  8.52679025e-02
  -2.93012569e-01 -3.70053944e-01  1.11601996e+00  8.59471761e-01
   3.02969915e-01 -4.12126735e-01  4.06417178e-01 -6.54667043e-01
  -1.00166551e+00 -1.04982780e+00  2.44106841e-01 -4.71256452e-01
  -3.27613459e-01  1.20774877e-01  1.60550463e+00 -7.85989718e-01
  -2.04364040e+00  1.55396935e-01  2.94712955e-01  1.94152634e-01
  -7.16214009e-02  1.35786248e+00 -3.94460502e-01 -2.66620580e-01
  -1.70581884e-01 -3.98067145e-03  1.02150843e+00  6.82679167e-02
   9.70989557e-01  9.83528170e-01  8.88330660e-01  9.65346498e-01
  -2.89918125e-01  9.01445345e-01  8.38446668e-02 -2.23759809e-01
   1.73682753e-01  1.18023700e-01  3.50809526e-01  6.65392522e-02
  -5.05853357e-02  5.77348682e-01 -7.23821455e-01  8.49984492e-01
  -5.49832099e-01  1.30398516e+00  6.18858706e-01  8.79818526e-01
  -2.69415102e-01 -8.39293322e-01  1.26460113e-01 -1.08388455e-01
   1.60745807e-01 -6.84853749e-02  1.22769368e+00  1.25406461e+00
  -4.49409524e-01  3.79420938e-01  4.45764072e-01  2.94904019e-01
   3.25121496e-01 -3.81762162e-01 -7.58225076e-01  4.30186709e-01
  -1.27074385e-01 -4.17786213e-01 -4.70109555e-02 -4.75804523e-01
  -6.44370502e-02 -8.81998938e-01 -8.69120008e-01 -4.02096200e-01
  -5.50057153e-01 -4.12578376e-01 -2.17837568e-02  1.08250120e+00
   2.65299254e-01  4.66575756e-01 -6.35001150e-01 -1.14494534e+00
   1.27063997e-01 -1.04777682e-01  9.36881544e-01  4.97384976e-01
   5.66837697e-01  8.51545731e-02  4.93096200e-01 -5.89869584e-01
  -2.84763657e-02  6.01230610e-01  7.40596569e-01  3.03456621e-01]
 [-9.67549821e-02  3.80600014e-02 -4.61500992e-01 -1.12124619e-01
  -1.84631424e-01 -5.78204313e-01 -6.06325929e-01 -1.00815806e-02
  -4.44173638e-02 -6.65155689e-01 -9.71634182e-01 -1.25691705e+00
  -2.71378789e-01 -1.15207427e-03 -6.27563952e-02  2.13242378e-01
   5.19534874e-02 -4.86829888e-01 -5.70025552e-01 -4.50146268e-01
   8.04518800e-01  4.82212643e-01  1.12778260e+00 -1.03907482e+00
  -9.53648693e-01 -1.12387787e+00 -2.74289764e-01  1.87131825e+00
  -4.12567334e-01  2.20807820e-01 -3.88604103e-01 -1.26564776e-01
  -5.58960492e-01 -1.83963757e-01  1.14048382e+00  1.08132754e+00
  -8.60329634e-01 -6.99241465e-01  1.07892656e+00 -1.10746501e+00
   1.93566025e-01  7.85279278e-01 -8.40201169e-01  1.28969431e-01
  -1.28895382e+00  1.79289959e-01 -3.94385191e-01  4.77324830e-01
   9.38118276e-01  4.05357678e-01 -1.08071402e+00 -3.85470405e-02
  -4.69533926e-01 -4.31003718e-01  8.36693571e-01  1.78901971e-01
  -4.70072185e-01  6.55235675e-01  7.61765888e-01 -2.61829295e-02
   9.20314504e-01  1.07252439e+00  1.02100056e+00 -1.29909119e-01
   2.10171242e-01 -3.20153917e-01  2.12473210e-01 -5.34708796e-01
  -6.17157965e-01  4.93918613e-01 -5.98352230e-02 -1.62591561e-01
  -3.13112800e-01 -1.44602544e+00  9.37416064e-01  2.56783996e-01
   2.65371154e-01 -1.88064427e-01  7.31462830e-01  1.29477476e+00
   5.51888781e-01 -2.13358176e-01 -8.06950616e-02 -7.79887541e-02
   8.98675567e-01  3.81128027e-01  7.13345561e-01 -5.62796861e-01
   1.89187178e-02 -8.34341973e-01 -1.61450802e-01  3.83964069e-01
  -6.87133917e-01 -2.11120078e-01  5.99033700e-01  9.82139649e-01
  -4.74048187e-01  4.03646752e-01  2.04137865e-01 -8.26229503e-01]
 [ 1.37547804e-01 -5.24326771e-01 -4.05544284e-01 -3.45332726e-01
  -1.36155858e-01 -7.68498279e-01  1.31071681e+00 -3.37292672e-01
  -1.49652084e-01  1.61433038e-01 -8.82786284e-01 -7.63244778e-02
   1.30094478e-01  5.09429560e-01 -6.55070066e-02  5.74126696e-02
  -1.10945862e-01  7.34122966e-01  8.22862620e-01  2.67307842e-01
  -6.02336662e-01  1.05288239e+00 -9.98172924e-01  4.55237103e-01
   6.29472065e-01 -3.51120423e-01 -6.82729747e-01 -8.29061070e-01
  -7.81866748e-02  1.09433910e+00 -1.51220043e-01  5.04805936e-02
  -7.72234312e-02  5.17122372e-01  3.04318040e-01 -3.70403840e-01
  -7.57845385e-01  4.79301898e-01 -3.10021523e-02  1.78972123e+00
  -3.56207270e-01 -9.48731619e-01  4.44485793e-01 -2.47325222e-01
  -5.17451369e-01 -1.28455599e+00 -9.58959366e-01  2.54707606e-01
  -5.00236825e-01  6.23450129e-01 -5.84383661e-01 -8.93195801e-01
  -5.22941500e-02 -4.00267664e-01  5.47866139e-01 -8.31453353e-01
   5.98291191e-01  1.28880098e+00  5.41455379e-01  8.62002793e-01
  -7.23905095e-01 -2.82294373e-01 -7.35879205e-01 -3.31476340e-02
   9.20772257e-01 -1.10818296e+00 -1.22429487e-01  2.77020391e-01
   9.57762578e-01 -6.56480987e-02 -5.50814977e-01  1.26449899e-01
   3.84958156e-01 -7.10892771e-01 -1.21170390e+00 -6.40505579e-01
   4.16445027e-01  8.47790364e-01 -7.18484520e-01 -1.18888402e+00
   5.05088743e-01  5.86672593e-01 -9.81125436e-01 -3.93426471e-01
  -7.88227830e-01 -5.63884963e-01 -5.43079433e-01  4.55568313e-01
   4.05492272e-01 -1.46707494e-01 -6.96280485e-01 -1.36651424e+00
   8.98308488e-01  1.19732444e+00  3.99192342e-01  6.61431463e-01
   1.04045550e+00 -1.63222375e-01  7.44831187e-02  7.22846759e-01]
 [ 9.52645097e-01  8.27222452e-01  1.42231127e-01 -3.64944771e-01
   1.39524266e+00  3.62608158e-01  1.23177970e+00 -6.83809586e-01
   1.46583921e+00 -1.67426913e-01 -2.88169276e-01  6.68453429e-01
   1.46231173e-01  9.78575651e-01 -3.43613980e-01  1.08545541e+00
   3.16372754e-01  3.00222694e-01  3.88165876e-02 -4.80939383e-01
   6.57123822e-01  1.77105476e-01 -1.36085556e-01 -3.01086099e-01
   1.17322872e+00  1.13567943e+00 -7.37730105e-01  3.07660316e-01
   2.47711858e-01 -4.00076920e-02 -6.07871140e-01  7.20795358e-02
   4.52340135e-01 -5.26751569e-01 -1.24190104e+00 -4.86553450e-02
  -1.46089086e+00 -1.51460130e+00  2.17352682e-01  1.58798294e-01
   5.72244366e-01 -5.37514790e-01  1.07281292e-01  7.49638437e-01
   1.91111151e-02  8.19463744e-02  2.48865531e-01 -6.74080134e-01
   1.20321120e+00 -1.13776861e+00  1.50069463e+00 -2.03729537e-01
   4.60055716e-01 -7.84014484e-03  1.97713732e-01  2.87174918e-01
  -3.16696866e-01  8.85133435e-02 -1.13270983e+00 -9.65177514e-01
   5.49802166e-01 -2.00476538e-01  1.01413541e+00 -5.92041958e-01
  -4.54030359e-01  1.06241334e+00 -1.76079213e+00  1.21840044e-02
   1.59071598e-01 -3.18742436e-01 -2.20124423e-01  2.78453452e-01
  -4.04717379e-01 -2.15840952e-01 -8.74273524e-02  8.13006501e-01
   3.90409625e-01  5.36526462e-01  8.85354611e-01  1.32238325e+00
   6.96401507e-01  1.30464730e-01 -3.54002500e-01  8.64692086e-01
  -3.88902637e-01  8.33436271e-01 -6.05266272e-01 -2.75030205e-01
  -9.94232622e-02 -2.23106434e-01  1.12958674e+00  5.76575012e-01
  -1.37521729e+00 -1.25162963e+00 -1.55908631e+00  1.31195012e+00
   5.23395194e-01 -7.50642057e-02 -6.75237840e-01 -7.89890044e-02]
 [-3.96563159e-01 -2.15241575e-01  1.26614877e+00  9.71214868e-02
  -3.55256122e-01  3.61055644e-01  4.76533563e-02 -9.69708087e-02
  -9.00869588e-01 -2.37974739e-02  8.94931196e-01  4.70464465e-01
   4.09074972e-01  5.34979484e-01  1.04420732e+00 -6.71784855e-01
  -1.00649569e+00  3.53168209e-01  3.94116965e-01  2.91921337e-01
  -4.24899371e-01 -5.86474296e-01 -5.90493540e-01  8.29438458e-02
   8.60073518e-01 -5.81430606e-01 -6.57989818e-01 -4.68932575e-02
   4.04229263e-01  7.56931335e-02 -7.58832185e-02  3.01540755e-01
   8.93626052e-01 -4.76861022e-02 -3.28919752e-01 -9.89035534e-01
  -9.29524122e-01 -2.30624609e-01 -2.10184131e-01  6.20909105e-01
  -3.34193661e-02 -2.10643164e-01  2.84617758e-01  2.53353693e-01
   4.70756547e-01  3.31572028e-01 -4.17349547e-01  1.45460590e-01
  -1.18909417e+00 -1.08061304e-01  1.45558810e+00  3.68862159e-01
   1.64685214e-01 -9.40258002e-02  1.36529719e+00 -1.15893926e-01
   1.14444222e+00  8.32397228e-02 -6.19842358e-01  9.33007900e-01
  -1.86916864e-01  8.60909179e-01 -1.12822409e+00  3.38622056e-03
   3.10859257e-01  7.45964060e-01 -1.15426946e+00  5.34875813e-02
   4.44109313e-01 -2.33763516e-01  3.54268526e-01 -6.20381103e-01
  -4.50900660e-01 -7.08621840e-02  1.47249376e+00 -1.07709908e-01
  -3.49120787e-01  2.79809535e-01 -6.24424940e-01 -3.93823914e-01
  -2.57536262e-01  2.88034959e-01  8.46423946e-01  4.65128019e-01
  -6.10036531e-02 -6.01550922e-01 -1.35548984e+00 -5.84207320e-01
  -1.46121149e-01  1.14149321e+00 -2.69833089e-01 -1.32005421e+00
  -2.05829029e-01 -9.28900276e-01 -2.69210239e-01 -1.17211335e+00
  -1.09775060e-01 -3.36506710e-01  4.67971281e-02 -2.41857562e-02]
 [-1.89929708e-01  6.68016341e-01 -6.55993079e-01  5.72029848e-01
   8.73477083e-01 -5.13277318e-01 -8.31511450e-01 -2.33807994e-01
  -4.12178227e-01  4.68263104e-01 -8.42893070e-01 -1.53601525e-02
  -1.10609512e+00  3.82454171e-01 -3.87616451e-01 -4.68965745e-01
  -2.60117445e-01 -2.36033510e-01  5.81879401e-01 -1.61644669e-01
   7.77718437e-01  2.47461091e-01  1.64237031e+00 -5.15932728e-01
   3.42078740e-01  4.55484637e-01 -2.35508440e-01 -1.49386459e-01
  -4.46814864e-01 -1.76494696e-01  7.10856038e-01 -6.99693201e-01
  -8.09823873e-01 -1.34781039e-01  4.87381968e-01 -6.01972053e-01
   6.73053601e-01 -6.06814558e-02  4.49772155e-01 -2.14213885e-01
   1.80215059e+00  1.44536310e-02 -7.17663192e-01 -1.04318444e-01
   1.28413273e+00 -9.00315239e-01  4.54860861e-01  1.57879518e+00
  -9.39882275e-02  9.65523846e-01 -3.07995397e-01 -7.05095150e-01
  -7.95772768e-01  1.24668873e+00 -2.95080538e-01  1.07119656e+00
   1.24715201e+00 -2.16950206e-01  2.40061507e-01  6.12508632e-01
  -8.58138381e-01 -7.47274111e-02 -7.99661245e-01 -5.59846240e-01
   1.51868901e-01 -3.27545197e-02  1.18363136e+00  1.49971428e-01
   7.20498974e-01  2.03758433e-01  6.51026296e-01  2.84968744e-02
   3.86143251e-01 -1.04108038e-01 -5.58915451e-01  3.32295654e-02
   5.13030927e-04  2.46718537e-01  1.23160415e+00 -4.51571120e-01
  -2.32392601e-02  1.64728364e-01 -2.00291104e-01 -1.02759032e-01
   8.83065138e-01 -6.04652548e-01  8.51527114e-01  4.36820162e-01
  -5.48922123e-01 -1.15178034e-01 -7.85453746e-02  7.61469909e-01
  -3.57561839e-01  5.94550538e-02  1.73737403e-01  6.29390212e-01
   5.51614864e-01  6.83016922e-01 -1.78385232e-01 -2.35430518e-01]
 [-8.31991353e-01 -9.65534081e-01 -3.32441223e-01  1.12655534e+00
   7.95450115e-02 -3.27514761e-01  1.38487548e+00  1.85201309e+00
   4.46243746e-02 -4.16017438e-01 -1.65350460e-01  2.71605410e-01
   7.78732876e-01 -1.18557418e+00  4.34535986e-01 -8.31115784e-01
   1.50674592e-01 -1.25278909e+00  4.47239372e-01 -2.24352427e-01
  -8.53847159e-02 -5.69272698e-01 -1.61322345e+00  2.26098327e-01
  -5.34515027e-01 -6.65864384e-01  3.34926310e-01 -7.52999587e-01
  -1.03132499e+00 -2.75916405e-01 -6.10420109e-01 -1.72703624e+00
  -3.25742433e-02 -8.15933809e-02 -2.41651486e-01  2.95272961e-01
   6.15386722e-01 -1.06685700e+00 -9.25767626e-01 -1.82398173e+00
  -2.79327226e-01 -3.53095290e-01  4.81230811e-01 -4.71444070e-01
  -2.16227150e-01  1.08967063e+00 -3.63111705e-02 -1.12794429e+00
  -1.49163842e-01 -1.18356000e+00 -5.27119376e-01  1.76870342e-01
   3.82800404e-02 -6.23008037e-01 -3.41829044e-02 -2.32316701e-01
  -4.07367505e-01 -3.33966124e-01 -5.18809799e-02 -2.40087523e-01
   5.66620398e-01 -7.21384902e-01  9.35965459e-01  3.93078443e-01
  -2.99121720e-01 -9.26237807e-01 -4.68505408e-01 -1.21653964e+00
   2.78527794e-02 -3.27530263e-01  3.73247213e-01 -7.91477881e-01
   1.97734175e-02 -8.46678751e-02  3.36157433e-01  4.35880816e-02
  -4.56474840e-01 -4.21259641e-01  4.07996881e-01 -1.45586659e-01
  -1.14939666e+00 -1.12844621e-02  1.00727712e-01 -5.09404023e-02
  -1.26967505e+00  5.28776382e-01 -6.43959318e-02  7.09563079e-01
   9.00327760e-01  1.05302036e-01 -7.01622821e-01 -4.24862280e-01
   1.28714352e+00  5.43264711e-01 -2.32594197e-01  7.96308400e-02
  -1.06993084e+00  2.24788117e-01 -7.32946688e-01  1.00732212e+00]
 [-7.41968250e-01 -8.53242947e-03  1.20711843e-01 -1.46376320e-01
   4.26096211e-01 -1.09297289e+00 -8.89860827e-01  9.73254375e-01
   8.46493211e-01 -4.02698985e-01 -1.11536536e+00  9.94657944e-02
  -6.32428780e-01 -2.99265282e-01 -5.56751550e-01 -4.16252032e-01
   5.85225901e-01  2.80212681e-01  1.63188667e-01  8.16998828e-01
   2.44272697e-01 -6.81078382e-01 -1.91900466e+00  7.76636936e-01
   8.45078507e-01  1.62194782e-01 -2.99603136e-01  8.26486201e-01
   1.68874453e-01 -9.32423465e-01  7.59813674e-01 -7.44298500e-01
   3.47071954e-01  9.27895922e-01  1.61374210e-01 -5.85493142e-01
  -7.44122711e-02  8.75436495e-01 -6.44300386e-01  9.07402306e-01
  -7.65532518e-01  3.20300803e-01  4.45912740e-01  2.57912494e-01
  -6.58667112e-01  3.86123600e-01 -1.91067009e-01  1.09261240e+00
   9.07781461e-03 -9.67954400e-01  3.35610066e-01  1.24339794e+00
  -1.66609455e-01 -1.28110198e+00 -7.26517574e-01 -1.07718494e+00
  -5.13001675e-01  1.06269683e+00  1.55018725e+00  2.49444468e-01
  -3.57257085e-01  3.12461584e-01  1.34857480e-01  3.92877903e-01
  -8.50984175e-02 -3.97590529e-01  1.83932392e-01 -7.51356938e-01
  -1.09003731e+00 -9.60524986e-02  7.20615400e-01 -2.21735792e-01
  -4.25972129e-01  1.01911275e+00 -6.65669141e-01 -5.07464607e-01
   1.47349638e-01 -8.43391840e-01  5.34687769e-01  8.69941123e-02
  -1.28759104e-01 -1.09280440e-01 -6.22628019e-01 -8.37733971e-01
  -3.64962647e-01  3.29961902e-02  1.30249373e+00  4.33774893e-01
  -6.41516142e-01 -7.41245048e-01  4.44797172e-01  7.17514992e-01
   1.22422900e-01 -1.13843837e-01 -3.53672724e-02  1.32739779e+00
  -3.09759182e-01 -2.63668413e-01 -1.68692194e-01 -2.68626413e-01]]