[[-1.92823588e-01 -3.48919674e-01 -1.97940774e-01 -2.06394467e-01
   1.97912364e-01 -3.14087208e-01 -2.22688168e-01 -2.05771181e-01
  -3.04576378e-01 -2.28756006e-01  8.86013579e-02  2.04804270e-01
  -4.75416476e-03 -4.31585933e-01  1.31547726e-01 -1.11717047e-01
   3.08414798e-01  4.24022390e-01 -3.04427419e-01 -4.03487225e-01
   4.28867355e-01 -4.48138897e-01  2.89139036e-01  3.58222247e-02
   3.79574361e-01 -4.29619178e-01  1.77693724e-02  1.73315643e-01
   1.84384265e-02  4.29476169e-01 -3.95852929e-01 -2.62582230e-01
   1.36954624e-01  2.76671530e-01  2.02595770e-01  2.54672370e-01
   3.69176849e-03  4.23791692e-01 -3.48274023e-01 -3.44626969e-01
  -1.06835213e-01  3.47793364e-01 -4.25693645e-01  9.32850002e-02
   2.18462697e-01  1.25559958e-01  2.64015606e-01 -1.88419904e-01
  -2.20839469e-01  3.64708541e-01  4.18511776e-01 -1.26227738e-01
  -2.08423877e-01  1.46081333e-01 -1.27495311e-03 -4.90145876e-01
  -3.72431644e-01 -3.10959622e-01 -2.55392352e-01  9.62223096e-02
   1.47390741e-01  1.89134160e-01 -5.06618635e-02  5.79972502e-02
  -3.69948046e-01 -2.47437892e-01  2.99635175e-01  1.87809353e-01
   1.18965636e-01  2.76388953e-02  9.62709558e-02 -1.09903360e-01
   1.56604900e-01 -2.26026037e-01 -4.61511110e-01 -6.37559809e-02
  -3.61048151e-01  7.45922653e-02  1.62471861e-01  2.84401556e-01
   3.24607405e-01  1.81394719e-01  2.94596547e-01 -3.90247432e-01
   4.94379976e-01 -4.73255263e-01 -3.25424999e-01 -2.06426782e-01
   2.34553289e-02 -1.06711574e-01 -2.02343157e-01 -2.60736141e-01
  -3.60839513e-01  3.81278555e-01 -1.19136033e-01 -2.87553219e-01
   3.28510106e-02  1.57026065e-01  4.83942243e-01  2.31106906e-01]
 [-4.15045601e-01 -4.09101318e-01  3.17000228e-01 -4.95060546e-01
   3.34990653e-01 -3.74832576e-01 -3.64347260e-01  2.79919344e-01
   1.65347875e-01 -7.53680115e-02  2.40229984e-03  2.16475916e-01
  -7.88862766e-02 -3.18914203e-01  3.29727787e-01 -1.86882417e-01
   2.67518168e-01 -1.61617956e-01 -3.05483371e-01 -2.68019917e-01
   3.34868131e-01 -2.36413822e-01  3.59753780e-01 -3.54980423e-01
  -3.53544182e-01  2.84946332e-03 -2.50427757e-01  2.51215866e-01
   4.62597502e-01 -2.14740093e-01  2.86878952e-01  3.43726578e-03
   1.36618150e-01  4.95381876e-01 -3.78452109e-01 -2.58701571e-01
   2.17962303e-01  2.29091013e-01  1.29340984e-01  6.96675524e-02
  -2.63344162e-01 -2.53902881e-01 -4.21562242e-01 -2.55294593e-01
   4.27721574e-01 -9.12440049e-02 -1.96005304e-01  3.79658473e-01
  -4.17362469e-01 -1.95891846e-01 -4.91293486e-01 -1.16606830e-02
   3.02321457e-01 -2.13510366e-02  9.37362171e-02 -2.74658057e-01
   1.41110441e-01 -1.02256224e-01  1.86590907e-01  4.76283201e-01
   1.78196376e-01  2.43074591e-01 -1.64327710e-01  2.45593934e-01
   2.51402420e-01  1.85706495e-01 -2.34027571e-01  1.03741738e-01
   2.08418985e-01 -1.85551236e-01  1.07523069e-01 -6.54747874e-02
   2.88976067e-02  3.04217310e-01 -2.41470149e-01  1.00045785e-01
   4.27574751e-01 -4.21754897e-01  7.97736551e-02  2.69672373e-01
  -4.32162713e-01  4.44576496e-01  2.78547206e-01 -1.80504110e-01
  -3.43546053e-01 -1.08627378e-02 -2.74342197e-01 -4.42541735e-01
   9.57280767e-02 -1.77198705e-01  6.91976585e-03  2.16689030e-01
   3.62245327e-01 -3.88000402e-01 -4.70830757e-01 -3.70057718e-02
   1.84023643e-01  1.75039628e-01  3.77016925e-01 -2.75247325e-01]
 [ 5.68550382e-02  3.90666971e-01  2.92986555e-01 -3.84040057e-01
  -2.08047181e-01 -4.29931686e-01  4.97693881e-02 -1.46951902e-01
  -1.55002875e-01 -1.96585454e-01  4.59506427e-01  4.69106888e-01
   3.19267116e-01 -1.09515928e-01  4.83785614e-02 -1.25287158e-01
  -3.37712223e-01 -3.14811403e-01 -5.22020947e-02 -4.73375381e-01
   6.90850123e-02 -7.07172894e-02  4.15166709e-01 -3.54377548e-01
  -4.02756623e-01  2.65140322e-01 -6.83404003e-02  1.41037547e-01
   3.67885464e-01  1.13172955e-02 -2.37321628e-01 -3.95979572e-01
   9.93476594e-02  3.33607630e-01  4.84690832e-01 -7.72136103e-02
   6.02543830e-02  9.11505839e-02  4.20254338e-01  3.93362859e-01
  -2.80783530e-01  3.27415114e-01 -3.10352809e-01 -2.32495426e-01
  -9.40701796e-03 -2.48324441e-01  2.19121058e-01 -2.59426181e-02
  -8.40880160e-02  3.41392026e-01 -1.51485961e-01  3.53389739e-01
  -1.84318544e-01  1.93774259e-01  3.11830078e-01  2.38372345e-01
  -2.15515380e-02 -1.60298397e-01  3.02699503e-01  4.07960241e-01
   4.56364094e-02  1.35546933e-01  4.86464766e-01  1.63264113e-01
   2.20731390e-01  8.66744966e-02  3.15643926e-02 -1.93990933e-02
   2.19774610e-01 -1.56967480e-01 -4.38007151e-01  5.54310829e-02
   3.74897552e-01 -1.33244231e-01 -4.72990704e-02 -4.30416847e-01
   2.81888273e-01 -3.95979373e-01 -4.14611515e-01 -2.50751280e-01
  -3.07919096e-01 -2.16300748e-01 -2.91187325e-01  3.16231368e-01
  -4.08824582e-01  2.19271180e-01  1.11462647e-01 -4.83687201e-01
   4.35249350e-01 -1.74846247e-01  4.23198834e-01  2.30562222e-01
   2.31434657e-01  4.50099236e-02  4.25876513e-01 -4.63541123e-01
  -2.70315437e-01  3.34349597e-01  1.76520672e-03  2.25612904e-01]
 [-2.41167598e-01 -3.12450849e-01 -2.08577319e-01  3.55497128e-01
   3.05106604e-01 -4.12272823e-01 -4.54852345e-01  2.85074601e-01
  -2.47363081e-01 -3.56160561e-01 -3.11253705e-01 -3.10523583e-01
   1.25959854e-01 -1.96531145e-03  1.83647910e-01 -1.67545355e-01
   2.76620977e-01 -1.40732551e-01  4.27613293e-02  2.39032220e-02
   4.49392251e-01 -8.66778517e-02  1.25328615e-01 -2.44456336e-01
  -3.75125060e-01 -4.37657561e-01  6.92560452e-02  4.38689393e-01
   2.18972306e-01  1.89624036e-01 -2.12266018e-01 -3.07756298e-01
   2.39713980e-01  3.81036961e-01  1.57810718e-01  4.29680764e-01
  -4.94915649e-01 -3.63721425e-01  4.82682472e-01 -3.49715777e-01
   4.64159475e-01  3.61014609e-01 -4.72179995e-01 -3.78013852e-02
  -4.00097108e-01 -2.47893585e-01 -1.15945846e-01  1.53654255e-01
   2.14120753e-01  4.27591801e-01 -9.77968261e-02 -3.62938366e-01
  -3.70392055e-01 -1.22007535e-01  3.25606837e-01  3.97614274e-01
   2.55838552e-01  4.78747030e-01  4.05765253e-01 -3.21087365e-01
   4.87915191e-01  3.76426447e-01  4.41879198e-01  1.48461237e-01
   3.36292738e-01 -4.83237238e-01 -1.38835524e-01 -4.83885110e-01
  -1.23398078e-01  4.77745514e-01 -8.70496564e-02 -2.64833614e-01
   1.47705717e-01 -2.65169433e-01  4.43575858e-01  2.99035738e-02
   3.55767601e-01  4.34072547e-01  4.87244086e-02  4.35308473e-01
  -1.42143357e-01 -1.17440485e-01  1.99464159e-01 -1.84733221e-01
   3.92713581e-01  1.12767818e-01  3.62296852e-01  1.39745213e-01
   1.34186221e-01 -4.45266200e-01 -3.73725412e-01 -2.94927827e-01
  -3.73254536e-01 -1.32729226e-01  4.30937948e-01  1.51255225e-01
  -1.58919359e-01  4.04434329e-01 -1.21528962e-01 -2.92853114e-01]
 [-1.00346893e-02 -4.25515736e-01 -3.94442046e-01 -4.16508271e-01
  -2.14900091e-03 -3.77143601e-01  4.64272617e-01 -1.00824364e-01
  -2.81204004e-01  3.71579112e-01 -2.98038144e-01 -1.65519382e-01
   4.94167592e-01  1.50036554e-01  6.83010587e-02 -3.49449602e-01
  -3.73122583e-01  8.03950124e-02  4.93823808e-01 -1.72064448e-01
  -3.27034136e-01  3.86595462e-01 -2.58545403e-01  4.78158079e-01
  -1.81523127e-01 -2.73697788e-01 -3.54760503e-01 -4.63971015e-01
  -2.52229866e-01  2.24968337e-01 -3.47428996e-01 -1.67741556e-01
  -2.73745766e-01  3.18764211e-01 -4.37102114e-01 -4.41676273e-01
  -4.78394538e-01  9.28865047e-02  1.88691978e-01  3.95851384e-01
   7.39407397e-02 -4.91243717e-01 -7.01965784e-02  1.92807972e-02
  -3.85071612e-01 -7.04757776e-02 -3.99285325e-01 -4.17212494e-03
  -3.90751177e-01  3.65468466e-02  1.11762481e-01 -6.02245117e-02
   1.95399807e-01 -4.64412210e-01  1.29663787e-01 -4.40107382e-01
   1.32316640e-01  3.11346372e-01  3.34120539e-01  2.13226141e-01
  -3.40222605e-01 -4.91342974e-02  2.23058897e-01  1.80615839e-01
   3.58229247e-01 -3.30314459e-01 -5.63845022e-02  3.05085147e-01
   4.69327857e-01 -1.09627149e-01 -4.59804329e-01 -1.41021593e-01
  -1.44857674e-01 -3.73308068e-01 -3.73711736e-01 -2.88013982e-01
   1.64511400e-01  1.80730683e-01 -4.35199000e-01 -2.97216282e-01
   3.25168051e-01  1.51186600e-01 -4.90449674e-01 -7.11725897e-02
  -2.13543036e-01 -3.71517586e-01 -4.18242497e-01  1.01952731e-01
   3.33512815e-01  9.04534818e-03 -2.24909135e-01 -1.39172911e-01
   9.82515930e-02  4.33380391e-01 -2.30297031e-01  2.62499873e-01
   4.93981860e-01  3.87945617e-01  3.83802879e-01 -7.47733338e-02]
 [ 3.33320202e-01  3.03183964e-01 -7.26600287e-02 -1.20231968e-01
   4.49990774e-01  2.15639279e-01  3.05394009e-01 -2.83884946e-01
   4.19172815e-01 -2.11658816e-01 -4.25703252e-01 -2.50659767e-02
  -2.51498375e-01  3.45400240e-01 -1.46458043e-01  4.77603534e-01
  -9.35965404e-02 -1.84693162e-02  3.77356681e-01 -3.71248577e-01
   3.82620951e-01  2.69380914e-01 -8.26449727e-02 -3.57666058e-01
   3.43031620e-01  1.91664489e-01 -4.38880916e-01 -1.00320683e-01
   7.31760629e-03  3.70408281e-01 -4.95596975e-01 -3.90196029e-01
   2.34790024e-01 -3.06124896e-01 -2.70757723e-01 -3.69513831e-01
  -2.34117363e-01 -1.39882556e-01  1.53825305e-01  3.76088552e-01
   4.59453787e-01 -4.08967624e-01 -1.79466411e-01  3.66202237e-01
  -1.50822638e-01  2.58744937e-01 -8.95688784e-03 -2.13433040e-01
   4.21895371e-01 -4.97433967e-01  3.34976855e-01  1.80209116e-01
  -1.46881980e-02  1.55909499e-01  3.30326040e-01 -1.61944125e-01
  -3.31937011e-01  2.83612257e-01 -3.87266315e-01 -4.80859972e-01
  -3.70860671e-01 -2.13353046e-01  3.70035184e-01 -2.42389210e-01
  -4.72864708e-01  4.75326736e-01 -4.84156587e-01 -2.38201864e-01
   4.60759825e-01 -4.59560158e-01  4.08831904e-04  1.30666770e-01
  -3.36293657e-01 -4.57532316e-01  1.84199159e-01  2.91705595e-01
   3.07672837e-01 -4.06184968e-01  4.80002358e-01  4.64105043e-01
   6.12671970e-02  6.47717720e-02 -1.71396390e-01  4.01337243e-01
  -4.96811376e-01  3.56355258e-02 -3.83753550e-01 -3.44920242e-01
  -3.67169285e-01 -1.32568786e-01  3.16719871e-01 -7.73799414e-02
  -4.67143812e-01 -4.74159273e-01 -4.55310835e-01  4.86953268e-01
   3.10253962e-02 -1.44664585e-01 -4.31189458e-01 -1.00647014e-01]
 [ 9.83525043e-02 -3.59284920e-01  2.50680867e-01  6.94777332e-02
  -1.41507562e-01  7.83620739e-02  2.21158789e-01  3.37371210e-01
  -2.36644683e-01  3.65709321e-01  7.47486860e-02  2.59144863e-01
  -1.25890270e-01  4.23822433e-01  2.01262838e-01 -3.15061139e-02
  -4.93185431e-01  3.62114193e-01  2.85691755e-01  3.97872967e-01
   4.65702989e-02 -2.91131664e-01 -1.30978528e-01 -3.48814144e-01
   3.39336508e-01 -4.55139095e-01 -3.28207010e-01  1.59055761e-01
   7.05220622e-02  5.66567274e-02 -5.83410601e-02 -7.11618904e-03
   3.68105638e-01  6.96745614e-02 -3.62777309e-01 -2.58498493e-01
  -3.48070729e-01 -3.60835269e-01 -4.15078040e-01  9.20998666e-02
   2.61141169e-01  2.90399070e-02  4.55640449e-01  7.71734217e-02
  -5.13062611e-02  1.31269741e-01 -8.38705538e-02  3.30116205e-01
  -2.89794005e-01 -2.55710064e-01  4.46952930e-01  9.55584291e-02
  -3.65074992e-02  1.11763690e-01  3.82648870e-01  7.00677366e-02
   1.18551656e-01  3.06680179e-01 -3.27713780e-01  3.33741181e-01
  -1.76150518e-01  3.71387671e-01 -4.98314144e-01  1.83343063e-01
  -4.22443072e-02 -6.98307346e-02 -4.74800030e-01 -8.54961574e-03
   1.62568615e-01 -1.53936695e-02  4.33863015e-01 -3.21622343e-01
  -3.26863153e-01 -2.47942199e-01  4.12716876e-01 -1.54909475e-01
  -2.18547951e-01  3.36222023e-01  4.61193919e-02 -3.87783219e-02
   3.76448018e-02  1.95585700e-02  3.65615553e-01 -4.09788047e-02
  -1.49225614e-01 -1.36537972e-02 -2.73836106e-01 -4.20688909e-01
  -5.20584839e-02  3.99010472e-01 -2.32968385e-01 -1.31494292e-01
   7.38332630e-02 -4.56469808e-01  9.48231142e-02 -5.89219331e-02
   8.41219891e-02 -2.97018733e-01 -1.14086881e-01  2.57910042e-01]
 [-1.33424360e-01  3.31111099e-01 -3.42429673e-01  2.63427106e-01
   3.73874551e-01 -2.90146489e-01 -3.97010376e-01 -7.38463441e-02
  -4.37207011e-01 -1.05399498e-01 -4.26994029e-01  2.45461263e-01
  -3.69165592e-01  4.77419960e-01 -2.63161000e-01 -3.87562617e-01
  -2.29847804e-01 -3.54246565e-01 -3.38050890e-02  2.59231248e-01
   4.49191986e-01  3.88539267e-01 -4.43272577e-02 -2.99730627e-01
   1.32708653e-01  3.40463575e-01 -8.12360831e-02  6.42486609e-02
  -3.44761022e-01  1.88080666e-01  3.43977671e-01 -4.32389237e-01
  -4.65958285e-01  7.94685913e-04 -1.84472333e-01 -2.79326997e-01
   2.40237688e-01  1.45632298e-01  4.05398832e-01 -3.35555286e-01
   4.22114966e-01 -2.04676596e-01 -3.31603297e-02  1.49258188e-01
   2.99529242e-01  1.51314501e-01  1.93496483e-01  4.79858325e-01
   2.58129285e-01  2.56314435e-01 -3.52346676e-01 -1.83350066e-01
  -2.59735748e-01  3.48847155e-01  2.59201648e-01  1.28053560e-01
   3.31520458e-01 -2.24365545e-01  4.67725034e-01  3.60446612e-01
  -1.35713220e-01 -4.28629573e-01 -3.55814510e-02 -4.08451098e-01
  -1.33172510e-01  1.01852669e-01  4.68739144e-01  1.30532380e-01
   3.54241398e-01  2.97778578e-01  3.51222968e-01 -2.68933252e-03
   2.32629526e-01 -3.22395548e-01 -8.67103954e-02  1.73942299e-01
  -4.05722596e-01 -2.44457768e-01  2.81572440e-01 -2.02009618e-01
   5.71487346e-02  9.89333137e-02 -2.66893167e-01  4.52348402e-01
   4.59817721e-01  3.48904600e-01 -4.98499585e-02 -1.27305823e-02
  -4.24690966e-01  1.24356353e-01  1.74870478e-01  2.71657091e-01
  -4.83553290e-01 -5.20941051e-02  2.82829305e-01  1.26433573e-01
   4.26196884e-01  4.09261103e-01 -1.15308166e-01 -2.43472709e-01]
 [ 2.78060250e-01 -3.15677371e-01  7.07379174e-02 -1.12363187e-01
   4.18339703e-01 -9.49070814e-02  2.75550919e-01  3.49860042e-01
   1.43687042e-01 -2.06665596e-01 -4.74733941e-01  4.21091197e-01
   1.93022015e-01 -3.91082264e-01  3.79540687e-01 -3.00636338e-01
   4.23004991e-01 -2.47652680e-01  2.99946915e-01  3.63543916e-01
   9.74970279e-02 -1.41081779e-02 -4.02388586e-01  3.44265123e-01
   2.36973492e-01 -1.52305081e-01 -1.19754441e-01  2.02482323e-01
  -4.73539493e-01  1.61445602e-01 -3.66566263e-01 -4.69248451e-01
   2.75438731e-01  4.49070163e-01  4.64922465e-01  1.66807627e-01
  -2.38943760e-03 -4.98421400e-01  4.44655465e-02 -3.78096811e-01
   3.37531928e-02  1.55629425e-01  1.63871067e-01 -1.02162179e-01
  -1.34541930e-01  3.17418274e-01 -1.67784403e-01 -1.82822369e-01
   1.69464897e-01 -9.01460758e-02 -2.88070282e-01 -1.84240813e-01
  -2.44532911e-02 -4.74391890e-01 -2.69008736e-02  4.69101388e-01
  -2.15153250e-01  1.27101942e-01  2.09479202e-01  1.83437677e-01
   3.99777720e-01 -7.01917279e-02  2.43350869e-01  1.32265050e-01
   1.05792792e-01  3.54400241e-01 -4.03580750e-01 -7.83591036e-02
  -1.21999240e-01  3.38851979e-01  3.61080945e-01 -3.73987382e-01
   4.88786779e-01 -7.02988989e-02 -3.01160244e-01 -1.52744210e-01
   3.26701818e-01 -7.87741700e-02  4.08205216e-01 -5.78036573e-02
  -8.50127548e-02  4.33321963e-01 -2.09426513e-01  5.21829852e-02
  -2.64260525e-01  4.90939691e-01 -9.90128378e-02  4.71706563e-01
   4.64902751e-01 -2.20595680e-01  3.62733983e-01 -4.13812465e-01
   2.30382192e-01  2.36943261e-01 -1.31678841e-01  4.51385889e-01
  -3.54994167e-01  4.08443003e-01 -1.93162528e-01  3.35622961e-01]
 [-4.12917248e-01 -3.42263405e-01  2.75717049e-04 -8.66322460e-02
   3.86224367e-01 -4.03542800e-01 -4.56901910e-01  4.87050476e-01
   3.38222863e-01 -3.44022542e-01 -4.41567919e-01  3.85948265e-01
  -1.71018259e-01 -3.41410006e-01  8.77380798e-02 -4.89489655e-01
   1.37358359e-01 -5.89225196e-02 -3.65104690e-02 -2.04134350e-02
   2.18903116e-01 -2.96932206e-01 -3.25960276e-01 -1.71736349e-02
   3.39029481e-01  1.65778616e-01 -3.00565003e-01  2.54109105e-01
   2.70232282e-01 -4.97399174e-01  4.78359570e-01 -3.31784118e-01
   5.22406661e-02  2.25750252e-01  2.97877259e-01 -4.45403078e-01
   4.21173986e-02  1.35312462e-01 -4.70500590e-01  4.93245123e-01
  -2.87456827e-01  3.41160127e-01  4.34690932e-01 -4.01306192e-01
  -4.36836110e-01 -1.38394528e-01 -4.36133523e-01  3.69678761e-01
  -2.54675656e-01 -2.92453351e-01  2.70427752e-01  4.88212980e-01
  -9.12535418e-04 -2.99074081e-01  3.15943208e-01 -4.65525582e-01
   2.20263526e-01  3.52984644e-01  3.49742283e-01  2.92312940e-01
  -5.25250606e-02 -3.95710963e-02  3.16870908e-01  2.72047139e-01
   5.51559179e-02 -3.51354709e-01 -1.77899189e-01 -2.79714846e-01
  -3.23261067e-01 -2.62648716e-01  3.81983889e-01 -2.81518818e-01
  -1.96382541e-01  2.19472785e-01  4.10983315e-02 -1.02446037e-01
  -1.80958862e-01  1.04768058e-02  4.47731532e-01  2.07697502e-02
  -1.31436597e-01 -8.17837632e-02 -3.58612148e-01 -4.32580164e-01
  -3.29561152e-02 -4.14461377e-01  4.75892663e-01 -1.64117034e-01
  -4.98292705e-01 -2.42619534e-01  3.13968960e-01  2.72196720e-01
  -2.02936236e-01 -6.09526999e-02 -4.85994666e-01  4.31427174e-01
  -1.83221470e-01 -7.18870421e-02  1.88930986e-01  3.11568207e-01]]